-4.961845129926823	-1.273890447429534e-15	2.844482420465345e-29	1.
-4.956787974617092	-1.2961036795198097e-15	2.944282741420923e-29	1.
-4.951730819307361	-1.3187032277699536e-15	3.0475810943298156e-29	1.
-4.946673663997631	-1.3416957974572592e-15	3.154499979753157e-29	1.
-4.9416165086879	-1.3650882100748944e-15	3.2651661850245624e-29	1.
-4.936559353378168	-1.3888874053437945e-15	3.379710934085642e-29	1.
-4.931502198068436	-1.4131004432597659e-15	3.498270042710285e-29	1.
-4.926445042758705	-1.4377345061758208e-15	3.6209840790157985e-29	1.
-4.921387887448974	-1.4627969009205267e-15	3.7479985296891995e-29	1.
-4.916330732139243	-1.4882950609531637e-15	3.8794639720069503e-29	1.
-4.911273576829512	-1.5142365485561058e-15	4.015536251800691e-29	1.
-4.9062164215197805	-1.5406290570649976e-15	4.156376667650222e-29	1.
-4.90115926621005	-1.5674804131376224e-15	4.302152161640219e-29	1.
-4.896102110900319	-1.594798579062123e-15	4.453035516650171e-29	1.
-4.891044955590588	-1.6225916551050093e-15	4.6092055605318084e-29	1.
-4.885987800280857	-1.6508678818997014e-15	4.77084737750999e-29	1.
-4.880930644971125	-1.6796356428766482e-15	4.938152526975157e-29	1.
-4.875873489661394	-1.7089034667353492e-15	5.111319269777402e-29	1.
-4.870816334351662	-1.7386800299590645e-15	5.290552802684821e-29	1.
-4.865759179041931	-1.768974159373401e-15	5.476065500694957e-29	1.
-4.8607020237322	-1.7997948347483722e-15	5.668077167971799e-29	1.
-4.85564486842247	-1.8311511914461642e-15	5.866815297941325e-29	1.
-4.850587713112739	-1.8630525231147712e-15	6.072515341660257e-29	1.
-4.8455305578030075	-1.895508284427685e-15	6.285420986303443e-29	1.
-4.840473402493276	-1.9285280938714072e-15	6.505784442988822e-29	1.
-4.835416247183545	-1.9621217365809144e-15	6.733866744696253e-29	1.
-4.830359091873814	-1.9962991672242713e-15	6.969938054812411e-29	1.
-4.825301936564082	-2.0310705129373173e-15	7.214277986250582e-29	1.
-4.820244781254351	-2.0664460763088837e-15	7.467175931703608e-29	1.
-4.81518762594462	-2.102436338417605e-15	7.728931405542469e-29	1.
-4.810130470634889	-2.1390519619214872e-15	7.999854397730223e-29	1.
-4.805073315325158	-2.1763037942009245e-15	8.280265739867025e-29	1.
-4.800016160015427	-2.214202870555724e-15	8.57049748421345e-29	1.
-4.794959004705696	-2.2527604174579248e-15	8.870893295908855e-29	1.
-4.789901849395965	-2.2919878558604516e-15	9.181808858768473e-29	1.
-4.7848446940862335	-2.3318968045631293e-15	9.503612295549825e-29	1.
-4.779787538776502	-2.3724990836371998e-15	9.836684602577092e-29	1.
-4.774730383466771	-2.4138067179085253e-15	1.0181420099766998e-28	1.
-4.769673228157039	-2.45583194050171e-15	1.053822689639228e-28	1.
-4.764616072847309	-2.498587196445045e-15	1.0907527372768353e-28	1.
-4.759558917537578	-2.5420851463377483e-15	1.1289758679260167e-28	1.
-4.7545017622278465	-2.586338670081074e-15	1.1685373252399972e-28	1.
-4.749444606918115	-2.6313608706734463e-15	1.2094839349031143e-28	1.
-4.744387451608384	-2.677165078071572e-15	1.2518641599486108e-28	1.
-4.739330296298653	-2.7237648531183473e-15	1.2957281579409944e-28	1.
-4.734273140988922	-2.771173991538355e-15	1.3411278402334713e-28	1.
-4.729215985679191	-2.8194065280030973e-15	1.388116933247117e-28	1.
-4.72415883036946	-2.8684767402659327e-15	1.4367510418654861e-28	1.
-4.719101675059728	-2.918399153368621e-15	1.4870877151360755e-28	1.
-4.714044519749997	-2.9691885439209873e-15	1.5391865141629545e-28	1.
-4.708987364440266	-3.0208599444540956e-15	1.5931090824276028e-28	1.
-4.703930209130535	-3.073428647849028e-15	1.6489192185843643e-28	1.
-4.698873053820804	-3.1269102118425772e-15	1.7066829517527545e-28	1.
-4.6938158985110725	-3.1813204636101905e-15	1.7664686194296551e-28	1.
-4.688758743201341	-3.2366755044283117e-15	1.8283469481721257e-28	1.
-4.68370158789161	-3.29299171441784e-15	1.8923911371101027e-28	1.
-4.67864443258188	-3.350285757369031e-15	1.958676944260871e-28	1.
-4.673587277272149	-3.4085745856502983e-15	2.0272827760330934e-28	1.
-4.668530121962417	-3.467875445201931e-15	2.0982897797085977e-28	1.
-4.6634729666526855	-3.528205880615504e-15	2.17178193918424e-28	1.
-4.658415811342954	-3.5895837403019235e-15	2.247846174159739e-28	1.
-4.653358656033223	-3.652027181748403e-15	2.3265724426305576e-28	1.
-4.648301500723492	-3.715554676866278e-15	2.408053847087845e-28	1.
-4.643244345413761	-3.780185017431893e-15	2.4923867443854986e-28	1.
-4.638187190104031	-3.8459373206206695e-15	2.579670859397535e-28	1.
-4.633130034794299	-3.91283103463787e-15	2.6700094027569612e-28	1.
-4.628072879484568	-3.980885944446256e-15	2.7635091925692526e-28	1.
-4.623015724174837	-4.050122177592301e-15	2.8602807804543873e-28	1.
-4.617958568865106	-4.1205602101341355e-15	2.9604385820226617e-28	1.
-4.612901413555374	-4.192220872671233e-15	3.0641010117968362e-28	1.
-4.607844258245643	-4.2651253564784815e-15	3.171390622978167e-28	1.
-4.6027871029359115	-4.339295219747011e-15	3.2824342519828787e-28	1.
-4.59772994762618	-4.4147523939317646e-15	3.3973631680918087e-28	1.
-4.59267279231645	-4.491519190210095e-15	3.5163132283352885e-28	1.
-4.587615637006719	-4.569618306051446e-15	3.6394250376718356e-28	1.
-4.582558481696988	-4.649072831900037e-15	3.76684411492298e-28	1.
-4.577501326387257	-4.729906257974143e-15	3.898721064340429e-28	1.
-4.5724441710775245	-4.8121424811821014e-15	4.035211753373301e-28	1.
-4.567387015767794	-4.8958058121590714e-15	4.176477496418767e-28	1.
-4.562329860458063	-4.9809209824238236e-15	4.3226852450459e-28	1.
-4.557272705148332	-5.0675131516607064e-15	4.474007785101065e-28	1.
-4.552215549838601	-5.1556079151270356e-15	4.630623940220818e-28	1.
-4.547158394528869	-5.2452313111878565e-15	4.792718782949314e-28	1.
-4.542101239219138	-5.336409828982654e-15	4.960483852936031e-28	1.
-4.537044083909407	-5.429170416222736e-15	5.134117382698178e-28	1.
-4.531986928599676	-5.523540487124716e-15	5.313824531663055e-28	1.
-4.526929773289945	-5.619547930481106e-15	5.499817627787949e-28	1.
-4.521872617980214	-5.717221117869173e-15	5.692316418142795e-28	1.
-4.516815462670483	-5.816588912003954e-15	5.891548328041098e-28	1.
-4.5117583073607515	-5.9176806752336174e-15	6.097748729081504e-28	1.
-4.50670115205102	-6.020526278182768e-15	6.311161216531668e-28	1.
-4.501643996741289	-6.1251561085433575e-15	6.532037897171803e-28	1.
-4.496586841431558	-6.2316010800237995e-15	6.760639685979109e-28	1.
-4.491529686121827	-6.3398926414433055e-15	6.997236613718168e-28	1.
-4.486472530812096	-6.450062785990501e-15	7.242108145566704e-28	1.
-4.4814153755023645	-6.56214406063957e-15	7.495543510661132e-28	1.
-4.476358220192633	-6.676169575730479e-15	7.757842042794254e-28	1.
-4.471301064882902	-6.792173014712565e-15	8.029313533410877e-28	1.
-4.466243909573171	-6.910188644059372e-15	8.310278597033296e-28	1.
-4.46118675426344	-7.030251323352862e-15	8.601069048830715e-28	1.
-4.456129598953709	-7.152396515542716e-15	8.902028295843206e-28	1.
-4.4510724436439775	-7.276660297381771e-15	9.213511742245473e-28	1.
-4.446015288334246	-7.403079370046554e-15	9.535887208200674e-28	1.
-4.440958133024515	-7.531691069935857e-15	9.869535361936796e-28	1.
-4.435900977714784	-7.662533379654678e-15	1.021485017060112e-27	1.
-4.430843822405053	-7.795644939197297e-15	1.057223936415003e-27	1.
-4.425786667095322	-7.931065057315132e-15	1.0942124913863938e-27	1.
-4.4207295117855905	-8.068833723082844e-15	1.1324943532830494e-27	1.
-4.415672356475859	-8.208991617669664e-15	1.1721147188813591e-27	1.
-4.410615201166128	-8.351580126304275e-15	1.2131203635665145e-27	1.
-4.405558045856397	-8.496641350454228e-15	1.2555596967731054e-27	1.
-4.400500890546666	-8.644218120218063e-15	1.2994828188754552e-27	1.
-4.395443735236935	-8.794354006920902e-15	1.3449415800919554e-27	1.
-4.390386579927204	-8.947093335939727e-15	1.3919896418599286e-27	1.
-4.385329424617472	-9.102481199745581e-15	1.4406825398680974e-27	1.
-4.380272269307741	-9.260563471163321e-15	1.4910777495378007e-27	1.
-4.37521511399801	-9.421386816874904e-15	1.5432347538341015e-27	1.
-4.37015795868828	-9.58499871114977e-15	1.5972151132644534e-27	1.
-4.3651008033785486	-9.75144744980864e-15	1.653082538469921e-27	1.
-4.360043648068817	-9.92078216443265e-15	1.710902965217459e-27	1.
-4.354986492759085	-1.0093052836818725e-14	1.770744632231949e-27	1.
-4.349929337449354	-1.0268310313684504e-14	1.8326781614341257e-27	1.
-4.344872182139624	-1.0446606321624657e-14	1.896776641257819e-27	1.
-4.339815026829893	-1.0627993482328269e-14	1.963115712648042e-27	1.
-4.334757871520161	-1.0812525328059711e-14	2.031773658420749e-27	1.
-4.3297007162104295	-1.1000256317407888e-14	2.10283149514474e-27	1.
-4.324643560900699	-1.1191241851302901e-14	2.1763730688657228e-27	1.
-4.319586405590968	-1.1385538289313517e-14	2.252485153691534e-27	1.
-4.314529250281237	-1.158320296622653e-14	2.3312575542181907e-27	1.
-4.309472094971506	-1.178429420891294e-14	2.4127832111054696e-27	1.
-4.304414939661775	-1.198887135348102e-14	2.4971583106700812e-27	1.
-4.299357784352043	-1.2196994762733585e-14	2.584482398263404e-27	1.
-4.294300629042312	-1.2408725843920725e-14	2.674858495322633e-27	1.
-4.289243473732581	-1.2624127066801896e-14	2.7683932209230352e-27	1.
-4.284186318422849	-1.2843261982017498e-14	2.8651969171905333e-27	1.
-4.279129163113119	-1.3066195239786528e-14	2.965383779553366e-27	1.
-4.274072007803388	-1.3292992608917192e-14	3.069071990842732e-27	1.
-4.269014852493656	-1.352372099615074e-14	3.1763838607773172e-27	1.
-4.263957697183925	-1.3758448465837744e-14	3.2874459699091154e-27	1.
-4.258900541874194	-1.3997244259960025e-14	3.402389318843765e-27	1.
-4.253843386564463	-1.4240178818491976e-14	3.521349482257725e-27	1.
-4.248786231254732	-1.4487323800116952e-14	3.6444667688245944e-27	1.
-4.243729075945001	-1.4738752103298413e-14	3.771886386242007e-27	1.
-4.238671920635269	-1.499453788772558e-14	3.903758612607355e-27	1.
-4.233614765325538	-1.52547565961167e-14	4.0402389728005535e-27	1.
-4.228557610015807	-1.551948497640534e-14	4.181488422159014e-27	1.
-4.223500454706076	-1.578880110431086e-14	4.327673535755145e-27	1.
-4.218443299396345	-1.6062784406297092e-14	4.478966704622826e-27	1.
-4.213386144086614	-1.6341515682929723e-14	4.635546338773873e-27	1.
-4.208328988776882	-1.662507713263589e-14	4.797597077217487e-27	1.
-4.203271833467151	-1.6913552375874205e-14	4.9653100053914284e-27	1.
-4.19821467815742	-1.7207026479723453e-14	5.138882880204791e-27	1.
-4.193157522847689	-1.750558598289709e-14	5.318520362854888e-27	1.
-4.188100367537958	-1.780931892118828e-14	5.504434259770292e-27	1.
-4.183043212228227	-1.8118314853354983e-14	5.6968437720105616e-27	1.
-4.1779860569184954	-1.8432664887453644e-14	5.8959757534083e-27	1.
-4.172928901608764	-1.8752461707628052e-14	6.102064977580317e-27	1.
-4.167871746299033	-1.907779960135958e-14	6.3153544143369324e-27	1.
-4.162814590989302	-1.9408774487189043e-14	6.536095515757918e-27	1.
-4.157757435679571	-1.9745483942919085e-14	6.764548512273933e-27	1.
-4.15270028036984	-2.0088027234303103e-14	7.000982718927579e-27	1.
-4.147643125060109	-2.043650534422885e-14	7.245676852447552e-27	1.
-4.142585969750377	-2.079102100240847e-14	7.498919359473999e-27	1.
-4.137528814440646	-2.115167871557902e-14	7.761008755797332e-27	1.
-4.132471659130915	-2.1518584798227116e-14	8.032253978244919e-27	1.
-4.127414503821184	-2.1891847403847853e-14	8.312974748101726e-27	1.
-4.122357348511453	-2.2271576556736308e-14	8.603501947169494e-27	1.
-4.1173001932017215	-2.2657884184332163e-14	8.904178007786349e-27	1.
-4.11224303789199	-2.305088415012574e-14	9.215357315540047e-27	1.
-4.107185882582259	-2.345069228712894e-14	9.537406626502211e-27	1.
-4.102128727272529	-2.385742643192733e-14	9.870705499009721e-27	1.
-4.097071571962798	-2.4271206459320593e-14	1.0215646740270601e-26	1.
-4.0920144166530665	-2.4692154317559214e-14	1.0572636868722184e-26	1.
-4.0869572613433345	-2.5120394064191666e-14	1.094209659254997e-26	1.
-4.081900106033603	-2.555605190253274e-14	1.1324461304896518e-26	1.
-4.076842950723873	-2.5999256218760158e-14	1.1720181596136987e-26	1.
-4.071785795414142	-2.645013761965227e-14	1.2129723784237551e-26	1.
-4.06672864010441	-2.69088289709778e-14	1.2553570463670346e-26	1.
-4.061671484794679	-2.7375465436551698e-14	1.299222107329911e-26	1.
-4.056614329484948	-2.785018451796281e-14	1.3446192484064525e-26	1.
-4.051557174175217	-2.8333126094988975e-14	1.391601960730482e-26	1.
-4.046500018865486	-2.882443246671077e-14	1.440225602439048e-26	1.
-4.041442863555755	-2.932424839333761e-14	1.4905474637993074e-26	1.
-4.036385708246024	-2.983272113875346e-14	1.5426268346264073e-26	1.
-4.0313285529362926	-3.0350000513799324e-14	1.596525074071592e-26	1.
-4.026271397626561	-3.087623892030451e-14	1.6523056827817965e-26	1.
-4.02121424231683	-3.141159139587403e-14	1.710034377678934e-26	1.
-4.016157087007098	-3.195621565946155e-14	1.7697791692857445e-26	1.
-4.011099931697368	-3.251027215771885e-14	1.831610441668946e-26	1.
-4.006042776387637	-3.307392411214716e-14	1.8956010353690092e-26	1.
-4.000985621077906	-3.364733756707022e-14	1.9618263330177866e-26	1.
-3.9959284657681744	-3.423068143842646e-14	2.0303643480569992e-26	1.
-3.9908713104584432	-3.482412756341436e-14	2.101295816599399e-26	1.
-3.9858141551487125	-3.5427850750990573e-14	2.1747042923040435e-26	1.
-3.980756999838981	-3.604202883324129e-14	2.2506762447798594e-26	1.
-3.9756998445292497	-3.666684271764275e-14	2.3293011612672693e-26	1.
-3.9706426892195186	-3.730247644022101e-14	2.4106716519200247e-26	1.
-3.965585533909788	-3.794911721963471e-14	2.4948835587945065e-26	1.
-3.9605283786000562	-3.860695551219017e-14	2.582036068568485e-26	1.
-3.955471223290325	-3.9276185067806264e-14	2.672231829251904e-26	1.
-3.950414067980594	-3.9957002986950806e-14	2.7655770709595366e-26	1.
-3.9453569126708627	-4.0649609778556334e-14	2.8621817308438614e-26	1.
-3.940299757361132	-4.135420941893701e-14	2.9621595824378256e-26	1.
-3.935242602051401	-4.2071009411726315e-14	3.06562836953318e-26	1.
-3.9301854467416693	-4.2800220848847153e-14	3.1727099446104387e-26	1.
-3.925128291431938	-4.354205847253806e-14	3.283530412279153e-26	1.
-3.9200711361222074	-4.429674073845294e-14	3.398220277556644e-26	1.
-3.915013980812476	-4.506448987984525e-14	3.5169145993568575e-26	1.
-3.9099568255027446	-4.584553197286547e-14	3.639753149433672e-26	1.
-3.9048996701930134	-4.664009700298642e-14	3.7668805767217635e-26	1.
-3.8998425148832823	-4.744841893257431e-14	3.898446577509141e-26	1.
-3.894785359573551	-4.827073576963162e-14	4.034606071546102e-26	1.
-3.8897282042638204	-4.9107289637725065e-14	4.175519384204181e-26	1.
-3.884671048954089	-4.9958326847120076e-14	4.321352435065927e-26	1.
-3.879613893644358	-5.082409796714652e-14	4.472276933121694e-26	1.
-3.8745567383346264	-5.170485789981605e-14	4.6284705786385756e-26	1.
-3.8694995830248957	-5.260086595470753e-14	4.790117272270035e-26	1.
-3.8644424277151646	-5.3512385925154155e-14	4.957407331294108e-26	1.
-3.8593852724054334	-5.4439686165737094e-14	5.130537713373825e-26	1.
-3.8543281170957018	-5.5383039671123846e-14	5.309712248338073e-26	1.
-3.849270961785971	-5.6342724156268276e-14	5.495141877781457e-26	1.
-3.84421380647624	-5.731902213799435e-14	5.687044903183876e-26	1.
-3.8391566511665087	-5.831222101799232e-14	5.885647242695037e-26	1.
-3.8340994958567776	-5.932261316724967e-14	6.091182696734058e-26	1.
-3.8290423405470464	-6.03504960119351e-14	6.303893222952066e-26	1.
-3.8239851852373152	-6.139617212077117e-14	6.524029220827762e-26	1.
-3.818928029927584	-6.245994929391649e-14	6.751849826035e-26	1.
-3.813870874617853	-6.354214065337993e-14	6.987623215280578e-26	1.
-3.8088137193081217	-6.464306473500487e-14	7.231626921635891e-26	1.
-3.80375656399839	-6.576304558203515e-14	7.484148160757406e-26	1.
-3.7986994086886594	-6.690241284029612e-14	7.745484168823679e-26	1.
-3.7936422533789282	-6.806150185503033e-14	8.015942551899498e-26	1.
-3.788585098069197	-6.924065376939382e-14	8.295841647673715e-26	1.
-3.7835279427594664	-7.044021562466354e-14	8.585510899860648e-26	1.
-3.778470787449735	-7.166054046217553e-14	8.885291245465643e-26	1.
-3.773413632140004	-7.290198742701765e-14	9.195535515659523e-26	1.
-3.768356476830273	-7.416492187351695e-14	9.51660885070845e-26	1.
-3.7632993215205417	-7.54497154725542e-14	9.84888912921102e-26	1.
-3.7582421662108105	-7.675674632072292e-14	1.0192767412471555e-25	1.
-3.753185010901079	-7.808639905138754e-14	1.0548648404320933e-25	1.
-3.7481278555913478	-7.943906494764945e-14	1.0916950926742497e-25	1.
-3.7430707002816166	-8.081514205726487e-14	1.1298108412485946e-25	1.
-3.7380135449718854	-8.221503530955515e-14	1.1692569414547756e-25	1.
-3.7329563896621547	-8.36391566343296e-14	1.210079813350662e-25	1.
-3.7278992343524235	-8.50879250828667e-14	1.2523274963394353e-25	1.
-3.7228420790426924	-8.656176695098925e-14	1.2960497056363172e-25	1.
-3.7177849237329617	-8.806111590425685e-14	1.3412978907096836e-25	1.
-3.71272776842323	-8.958641310532484e-14	1.38812529577579e-25	1.
-3.707670613113499	-9.113810734350756e-14	1.436587022387529e-25	1.
-3.7026134578037677	-9.271665516657044e-14	1.4867400942083898e-25	1.
-3.697556302494036	-9.43225210148132e-14	1.5386435240638628e-25	1.
-3.6924991471843054	-9.595617735745964e-14	1.5923583832854673e-25	1.
-3.687441991874574	-9.761810483139861e-14	1.6479478735177997e-25	1.
-3.682384836564843	-9.930879238233452e-14	1.7054774010132176e-25	1.
-3.677327681255112	-1.0102873740836568e-13	1.7650146535053272e-25	1.
-3.672270525945381	-1.0277844590604739e-13	1.8266296797913481e-25	1.
-3.66721337063565	-1.0455843261898395e-13	1.8903949720666962e-25	1.
-3.662156215325919	-1.0636922118897645e-13	1.95638555111846e-25	1.
-3.6570990600161872	-1.0821134430978523e-13	2.024679054521762e-25	1.
-3.6520419047064565	-1.1008534388355448e-13	2.095355827900857e-25	1.
-3.646984749396725	-1.1199177117992832e-13	2.1684990193427297e-25	1.
-3.6419275940869937	-1.1393118699792654e-13	2.244194677170732e-25	1.
-3.6368704387772626	-1.15904161830617e-13	2.322531851041338e-25	1.
-3.6318132834675314	-1.1791127603261522e-13	2.40360269661402e-25	1.
-3.6267561281578007	-1.199531199904968e-13	2.4875025838861467e-25	1.
-3.6216989728480695	-1.2203029429614348e-13	2.574330209255075e-25	1.
-3.6166418175383384	-1.2414340992308353e-13	2.664187711538093e-25	1.
-3.611584662228607	-1.2629308840588768e-13	2.757180792019624e-25	1.
-3.6065275069188756	-1.284799620226551e-13	2.853418838643277e-25	1.
-3.601470351609145	-1.307046739806448e-13	2.9530150545892025e-25	1.
-3.5964131962994137	-1.3296787860513334e-13	3.0560865913410193e-25	1.
-3.591356040989682	-1.3527024153151162e-13	3.162754686294368e-25	1.
-3.586298885679951	-1.3761243990071805e-13	3.273144805327742e-25	1.
-3.58124173037022	-1.3999516255804678e-13	3.387386790186976e-25	1.
-3.576184575060489	-1.4241911025537223e-13	3.505615011055585e-25	1.
-3.571127419750758	-1.4488499585688237e-13	3.627968524518906e-25	1.
-3.5660702644410267	-1.4739354454836098e-13	3.7545912369189005e-25	1.
-3.561013109131296	-1.4994549405007916e-13	3.885632073492446e-25	1.
-3.555955953821565	-1.5254159483338086e-13	4.02124515339421e-25	1.
-3.550898798511833	-1.5518261034099215e-13	4.161589970741175e-25	1.
-3.545841643202102	-1.5786931721113644e-13	4.306831582055696e-25	1.
-3.540784487892371	-1.606025055055306e-13	4.457140800260281e-25	1.
-3.5357273325826397	-1.6338297894131103e-13	4.612694395285865e-25	1.
-3.5306701772729085	-1.6621155512696476e-13	4.7736753019081945e-25	1.
-3.5256130219631774	-1.6908906580235343e-13	4.940272834633503e-25	1.
-3.5205558666534467	-1.7201635708285084e-13	5.112682910080573e-25	1.
-3.5154987113437155	-1.7499428970772218e-13	5.291108277301e-25	1.
-3.5104415560339843	-1.780237392927807e-13	5.4757587558952475e-25	1.
-3.505384400724253	-1.8110559658740846e-13	5.666851482588091e-25	1.
-3.5003272454145216	-1.8424076773602873e-13	5.86461116638696e-25	1.
-3.495270090104791	-1.874301745440828e-13	6.069270352506329e-25	1.
-3.4902129347950597	-1.9067475474859535e-13	6.2810696956159e-25	1.
-3.485155779485328	-1.9397546229342094e-13	6.500258242638737e-25	1.
-3.480098624175597	-1.9733326760924488e-13	6.727093725226139e-25	1.
-3.4750414688658657	-2.0074915789840925e-13	6.961842862690297e-25	1.
-3.469984313556135	-2.0422413742468024e-13	7.204781675317224e-25	1.
-3.464927158246404	-2.0775922780799535e-13	7.456195808492615e-25	1.
-3.4598700029366727	-2.1135546832430489e-13	7.716380868510441e-25	1.
-3.4548128476269415	-2.1501391621060363e-13	7.985642769653099e-25	1.
-3.449755692317211	-2.187356469752118e-13	8.264298093651072e-25	1.
-3.444698537007479	-2.2252175471343605e-13	8.55267446164468e-25	1.
-3.439641381697748	-2.26373352428672e-13	8.851110918935038e-25	1.
-3.434584226388017	-2.3029157235903947e-13	9.159958333289752e-25	1.
-3.4295270710782852	-2.3427756630966623e-13	9.479579807152666e-25	1.
-3.4244699157685545	-2.383325059907243e-13	9.810351104217691e-25	1.
-3.4194127604588234	-2.424575833612879e-13	1.0152661090676491e-24	1.
-3.414355605149092	-2.46654010979121e-13	1.0506912192077845e-24	1.
-3.409298449839361	-2.5092302235652265e-13	1.0873520866125726e-24	1.
-3.4042412945296303	-2.5526587232230657e-13	1.125291809161096e-24	1.
-3.399184139219899	-2.596838373900314e-13	1.1645549874933591e-24	1.
-3.394126983910168	-2.6417821613260695e-13	1.2051877773848909e-24	1.
-3.3890698286004364	-2.6875032956333847e-13	1.2472379439417795e-24	1.
-3.384012673290705	-2.7340152152356375e-13	1.2907549177345345e-24	1.
-3.378955517980974	-2.781331590769884e-13	1.3357898528294517e-24	1.
-3.373898362671243	-2.8294663291081786e-13	1.3823956868833776e-24	1.
-3.3688412073615117	-2.878433577438325e-13	1.4306272033264424e-24	1.
-3.3637840520517805	-2.9282477274150197e-13	1.4805410956824244e-24	1.
-3.35872689674205	-2.9789234193824666e-13	1.5321960341625883e-24	1.
-3.3536697414323187	-3.030475546670141e-13	1.5856527345843015e-24	1.
-3.3486125861225875	-3.0829192599626694e-13	1.640974029647829e-24	1.
-3.3435554308128563	-3.1362699717449273e-13	1.698224942758932e-24	1.
-3.3384982755031247	-3.1905433608244206e-13	1.7574727643884825e-24	1.
-3.333441120193394	-3.2457553769311534e-13	1.818787131055653e-24	1.
-3.328383964883663	-3.301922245397151e-13	1.882240107166827e-24	1.
-3.3233268095739312	-3.3590604719167746e-13	1.947906269593022e-24	1.
-3.3182696542642005	-3.4171868473891335e-13	2.015862795272535e-24	1.
-3.3132124989544693	-3.4763184528442827e-13	2.0861895518502325e-24	1.
-3.308155343644738	-3.536472664454406e-13	2.1589691914374762e-24	1.
-3.303098188335007	-3.597667158631184e-13	2.2342872476750086e-24	1.
-3.2980410330252763	-3.6599199172115525e-13	2.3122322361951604e-24	1.
-3.292983877715545	-3.723249232732857e-13	2.3928957585106162e-24	1.
-3.287926722405814	-3.787673713798768e-13	2.4763726096377992e-24	1.
-3.2828695670960824	-3.8532122905387e-13	2.5627608893706078e-24	1.
-3.277812411786351	-3.9198842201602725e-13	2.652162117452013e-24	1.
-3.2727552564766196	-3.9877090925985644e-13	2.7446813527915483e-24	1.
-3.267698101166889	-4.056706836262077e-13	2.840427316815983e-24	1.
-3.2626409458571577	-4.1268977238787803e-13	2.939512521131894e-24	1.
-3.2575837905474265	-4.1983023784421636e-13	3.0420533996139125e-24	1.
-3.252526635237696	-4.27094177926088e-13	3.1481704451429508e-24	1.
-3.2474694799279646	-4.3448372681118906e-13	3.257988350997226e-24	1.
-3.2424123246182335	-4.420010555500364e-13	3.371636157318001e-24	1.
-3.2373551693085023	-4.496483727027119e-13	3.489247402552026e-24	1.
-3.2322980139987707	-4.574279249866621e-13	3.6109602802945445e-24	1.
-3.22724085868904	-4.653419979356113e-13	3.736917801446562e-24	1.
-3.222183703379309	-4.733929165699267e-13	3.867267962218499e-24	1.
-3.217126548069577	-4.815830460784805e-13	4.002163917714501e-24	1.
-3.212069392759846	-4.89914792512299e-13	4.1417641618752875e-24	1.
-3.2070122374501153	-4.983906034901776e-13	4.286232713396246e-24	1.
-3.201955082140384	-5.070129689164735e-13	4.43573930841589e-24	1.
-3.196897926830653	-5.157844217113645e-13	4.5904595996839664e-24	1.
-3.191840771520922	-5.247075385535547e-13	4.750575362681077e-24	1.
-3.1867836162111907	-5.337849406359059e-13	4.916274709165177e-24	1.
-3.18172646090146	-5.430192944340865e-13	5.08775230777711e-24	1.
-3.1766693055917283	-5.524133124884763e-13	5.265209612765295e-24	1.
-3.171612150281997	-5.619697541995986e-13	5.4488551002325456e-24	1.
-3.1665549949722656	-5.716914266371944e-13	5.6389045129873485e-24	1.
-3.161497839662535	-5.815811853633259e-13	5.835581113624163e-24	1.
-3.1564406843528037	-5.91641935269645e-13	6.0391159467316295e-24	1.
-3.1513835290430725	-6.018766314291466e-13	6.249748109900544e-24	1.
-3.1463263737333413	-6.122882799625669e-13	6.467725034519011e-24	1.
-3.14126921842361	-6.228799389198291e-13	6.693302776032297e-24	1.
-3.1362120631138795	-6.33654719176543e-13	6.926746314497587e-24	1.
-3.1311549078041483	-6.446157853461006e-13	7.168329865510128e-24	1.
-3.1260977524944167	-6.557663567073998e-13	7.418337202118175e-24	1.
-3.1210405971846855	-6.671097081486998e-13	7.677061987748834e-24	1.
-3.115983441874955	-6.786491711276233e-13	7.944808120916225e-24	1.
-3.110926286565223	-6.903881346478845e-13	8.221890091833202e-24	1.
-3.105869131255492	-7.023300462526698e-13	8.50863335136117e-24	1.
-3.100811975945761	-7.144784130353154e-13	8.805374692977068e-24	1.
-3.09575482063603	-7.26836802667273e-13	9.112462647984166e-24	1.
-3.090697665326299	-7.394088444439759e-13	9.430257894504703e-24	1.
-3.085640510016568	-7.521982303485647e-13	9.759133680629554e-24	1.
-3.0805833547068366	-7.65208716134165e-13	1.009947626254068e-23	1.
-3.075526199397106	-7.784441224246322e-13	1.0451685357432117e-23	1.
-3.0704690440873743	-7.919083358344113e-13	1.0816174612735816e-23	1.
-3.065411888777643	-8.056053101075861e-13	1.1193372091255443e-23	1.
-3.060354733467912	-8.195390672767053e-13	1.1583720773750403e-23	1.
-3.0552975781581804	-8.33713698841609e-13	1.1987679078273354e-23	1.
-3.0502404228484497	-8.48133366968371e-13	1.2405721398054484e-23	1.
-3.0451832675387185	-8.628023057091506e-13	1.2838338658346872e-23	1.
-3.0401261122289873	-8.777248222429336e-13	1.328603889190318e-23	1.
-3.035068956919256	-8.929052981377675e-13	1.3749347835553576e-23	1.
-3.030011801609525	-9.083481906347355e-13	1.4228809546248318e-23	1.
-3.0249546462997943	-9.24058033953993e-13	1.472498703995944e-23	1.
-3.0198974909900627	-9.400394406233837e-13	1.5238462951489715e-23	1.
-3.0148403356803315	-9.562971028299458e-13	1.576984021856574e-23	1.
-3.0097831803706008	-9.728357937947719e-13	1.6319742788422713e-23	1.
-3.004726025060869	-9.896603691714861e-13	1.6888816350377258e-23	1.
-2.999668869751138	-1.0067757684689735e-12	1.7477729092577927e-23	1.
-2.994611714441407	-1.0241870164984243e-12	1.8087172486116748e-23	1.
-2.9895545591316757	-1.0418992248454816e-12	1.8717862095647683e-23	1.
-2.984497403821945	-1.0599175933676705e-12	1.93705384191921e-23	1.
-2.979440248512214	-1.0782474117177786e-12	2.0045967756037732e-23	1.
-2.9743830932024826	-1.0968940608932886e-12	2.0744943105995595e-23	1.
-2.9693259378927515	-1.1158630148128026e-12	2.1468285099096006e-23	1.
-2.96426878258302	-1.135159841919324e-12	2.2216842957963883e-23	1.
-2.959211627273289	-1.154790206811367e-12	2.2991495493588367e-23	1.
-2.954154471963558	-1.1747598719020382e-12	2.3793152136142867e-23	1.
-2.9490973166538264	-1.1950746991069434e-12	2.4622754001753852e-23	1.
-2.944040161344095	-1.215740651560989e-12	2.548127499502436e-23	1.
-2.9389830060343645	-1.2367637953647037e-12	2.6369722951942164e-23	1.
-2.9339258507246333	-1.2581503013609094e-12	2.728914082125762e-23	1.
-2.928868695414902	-1.2799064469417038e-12	2.824060788734778e-23	1.
-2.923811540105171	-1.3020386178869249e-12	2.9225241036096374e-23	1.
-2.9187543847954402	-1.3245533102339718e-12	3.0244196063605925e-23	1.
-2.913697229485709	-1.3474571321800202e-12	3.129866903172179e-23	1.
-2.9086400741759775	-1.370756806016827e-12	3.238989767019341e-23	1.
-2.9035829188662463	-1.3944591700991665e-12	3.351916282800665e-23	1.
-2.8985257635565147	-1.418571180846861e-12	3.4687789974254605e-23	1.
-2.893468608246784	-1.4430999147815561e-12	3.5897150753132994e-23	1.
-2.888411452937053	-1.4680525705984571e-12	3.714866459035979e-23	1.
-2.8833542976273216	-1.4934364712737288e-12	3.84438003581394e-23	1.
-2.8782971423175905	-1.519259066208117e-12	3.9784078096116136e-23	1.
-2.8732399870078598	-1.5455279334077325e-12	4.1171070794202875e-23	1.
-2.8681828316981286	-1.5722507817021614e-12	4.2606406234646687e-23	1.
-2.8631256763883974	-1.5994354530009098e-12	4.40917689019451e-23	1.
-2.858068521078666	-1.6270899245887354e-12	4.5628901954835494e-23	1.
-2.853011365768935	-1.6552223114603135e-12	4.7219609271242006e-23	1.
-2.847954210459204	-1.683840868695186e-12	4.8865757560391026e-23	1.
-2.8428970551494723	-1.712953993873692e-12	5.0569278552540176e-23	1.
-2.837839899839741	-1.742570229534425e-12	5.233217126041869e-23	1.
-2.83278274453001	-1.7726982656739347e-12	5.415650432396081e-23	1.
-2.8277255892202793	-1.803346942289736e-12	5.604441843265584e-23	1.
-2.822668433910548	-1.834525251966699e-12	5.799812883464179e-23	1.
-2.817611278600817	-1.8662423425081308e-12	6.001992793120117e-23	1.
-2.812554123291086	-1.8985075196121202e-12	6.211218796429025e-23	1.
-2.807496967981355	-1.931330249594231e-12	6.427736379569139e-23	1.
-2.8024398126716235	-1.9647201621566096e-12	6.651799578071885e-23	1.
-2.7973826573618923	-1.998687053204833e-12	6.883671274742313e-23	1.
-2.7923255020521607	-2.0332408877136093e-12	7.123623507388262e-23	1.
-2.78726834674243	-2.068391802641173e-12	7.371937787611616e-23	1.
-2.782211191432699	-2.1041501098945884e-12	7.62890543060866e-23	1.
-2.7771540361229676	-2.140526299345337e-12	7.894827896242391e-23	1.
-2.7720968808132365	-2.177531041897212e-12	8.170017142159907e-23	1.
-2.7670397255035053	-2.2151751926066653e-12	8.45479598932344e-23	1.
-2.7619825701937746	-2.2534697938573753e-12	8.749498499971894e-23	1.
-2.7569254148840434	-2.292426078588712e-12	9.054470368814442e-23	1.
-2.751868259574312	-2.3320554735804255e-12	9.370069328117888e-23	1.
-2.7468111042645806	-2.3723696027933567e-12	9.696665566291786e-23	1.
-2.7417539489548495	-2.4133802907677614e-12	1.0034642161506503e-22	1.
-2.736696793645118	-2.455099566079793e-12	1.0384395530306173e-22	1.
-2.731639638335387	-2.4975396648580525e-12	1.074633589181484e-22	1.
-2.726582483025656	-2.540713034359887e-12	1.112088774775335e-22	1.
-2.721525327715925	-2.5846323366097115e-12	1.1508490379932223e-22	1.
-2.716468172406194	-2.6293104520996826e-12	1.1909598363983894e-22	1.
-2.711411017096463	-2.6747604835538986e-12	1.2324682101852422e-22	1.
-2.7063538617867318	-2.720995759757117e-12	1.2754228372236922e-22	1.
-2.7012967064770006	-2.7680298394497776e-12	1.3198740900747615e-22	1.
-2.696239551167269	-2.8158765152899408e-12	1.365874094917597e-22	1.
-2.6911823958575383	-2.8645498178824815e-12	1.4134767925531948e-22	1.
-2.6861252405478067	-2.9140640198785477e-12	1.4627380015861766e-22	1.
-2.6810680852380755	-2.96443364014486e-12	1.5137154836778672e-22	1.
-2.6760109299283443	-3.0156734480046535e-12	1.5664690112175852e-22	1.
-2.6709537746186136	-3.067798467552075e-12	1.6210604372128934e-22	1.
-2.6658966193088824	-3.1208239820398142e-12	1.6775537676939022e-22	1.
-2.6608394639991513	-3.174765538342434e-12	1.7360152365648775e-22	1.
-2.6557823086894206	-3.229638951496565e-12	1.7965133831745217e-22	1.
-2.650725153379689	-3.285460309319056e-12	1.8591191324138135e-22	1.
-2.645667998069958	-3.3422459771038183e-12	1.9239058777547203e-22	1.
-2.6406108427602266	-3.4000126024004677e-12	1.9909495670957627e-22	1.
-2.6355536874504955	-3.4587771198738498e-12	2.0603287915732063e-22	1.
-2.6304965321407647	-3.518556756247392e-12	2.132124877471981e-22	1.
-2.625439376831033	-3.579369035331371e-12	2.206421981429406e-22	1.
-2.620382221521302	-3.6412317831377754e-12	2.2833071887676456e-22	1.
-2.615325066211571	-3.704163133082031e-12	2.3628706153696824e-22	1.
-2.6102679109018396	-3.768181531275265e-12	2.4452055131115153e-22	1.
-2.605210755592109	-3.8333057419063494e-12	2.5304083788157636e-22	1.
-2.6001536002823777	-3.89955485271654e-12	2.618579067084885e-22	1.
-2.595096444972646	-3.9669482805678525e-12	2.709820907133343e-22	1.
-2.5900392896629154	-4.035505777107815e-12	2.804240823519319e-22	1.
-2.584982134353184	-4.105247434530038e-12	2.9019494611107085e-22	1.
-2.579924979043453	-4.176193691434722e-12	3.003061314552733e-22	1.
-2.574867823733722	-4.248365338789269e-12	3.1076948619487644e-22	1.
-2.5698106684239903	-4.321783525990729e-12	3.215972703364347e-22	1.
-2.5647535131142596	-4.396469767032013e-12	3.3280217041566714e-22	1.
-2.5596963578045284	-4.472445946775004e-12	3.4439731432690406e-22	1.
-2.5546392024947973	-4.549734327330372e-12	3.5639628664717614e-22	1.
-2.549582047185066	-4.628357554545737e-12	3.688131445217089e-22	1.
-2.5445248918753345	-4.708338664607155e-12	3.816624340895134e-22	1.
-2.5394677365656038	-4.7897010907517434e-12	3.9495920746052345e-22	1.
-2.5344105812558726	-4.8724686700962086e-12	4.08719040323639e-22	1.
-2.5293534259461414	-4.956665650582763e-12	4.2295805011627004e-22	1.
-2.5242962706364103	-5.042316698042975e-12	4.376929148652343e-22	1.
-2.519239115326679	-5.129446903382365e-12	4.529408926511388e-22	1.
-2.514181960016948	-5.2180817898894975e-12	4.687198417802701e-22	1.
-2.5091248047072168	-5.30824732066964e-12	4.850482416246861e-22	1.
-2.5040676493974856	-5.3999699062039435e-12	5.019452141888504e-22	1.
-2.4990104940877544	-5.49327641204046e-12	5.194305464686041e-22	1.
-2.4939533387780237	-5.58819416661582e-12	5.375247135145213e-22	1.
-2.488896183468292	-5.6847509692096785e-12	5.562489023435036e-22	1.
-2.483839028158561	-5.7829750980368904e-12	5.7562503668799085e-22	1.
-2.4787818728488302	-5.882895318476613e-12	5.95675802537532e-22	1.
-2.473724717539099	-5.984540891443599e-12	6.164246746547356e-22	1.
-2.468667562229368	-6.0879415819014176e-12	6.378959440441313e-22	1.
-2.4636104069196363	-6.1931276675214215e-12	6.601147459453169e-22	1.
-2.458553251609905	-6.30012994749033e-12	6.831070897705743e-22	1.
-2.453496096300174	-6.408979751467818e-12	7.068998887946887e-22	1.
-2.4484389409904432	-6.5197089486969156e-12	7.315209919853722e-22	1.
-2.443381785680712	-6.632349957270766e-12	7.569992163118322e-22	1.
-2.4383246303709805	-6.746935753557652e-12	7.833643803386212e-22	1.
-2.4332674750612493	-6.863499881783701e-12	8.106473392048873e-22	1.
-2.4282103197515186	-6.98207646378802e-12	8.388800201823979e-22	1.
-2.4231531644417874	-7.102700208932545e-12	8.680954603150362e-22	1.
-2.4180960091320562	-7.225406424189833e-12	8.98327844720644e-22	1.
-2.4130388538223255	-7.350231024400279e-12	9.296125464840848e-22	1.
-2.4079816985125935	-7.477210542700755e-12	9.61986167844422e-22	1.
-2.4029245432028628	-7.606382141141084e-12	9.95486582968933e-22	1.
-2.3978673878931316	-7.737783621468488e-12	1.0301529818708952e-21	1.
-2.3928102325834004	-7.871453436107369e-12	1.0660259162946616e-21	1.
-2.3877530772736697	-8.007430699315682e-12	1.1031473467656942e-21	1.
-2.382695921963938	-8.14575519854465e-12	1.1415606916756187e-21	1.
-2.377638766654207	-8.286467405979754e-12	1.1813108775742087e-21	1.
-2.3725816113444758	-8.429608490281029e-12	1.2224443917444576e-21	1.
-2.3675244560347446	-8.575220328533884e-12	1.2650093362264779e-21	1.
-2.362467300725014	-8.723345518385788e-12	1.3090554837303416e-21	1.
-2.3574101454152823	-8.874027390406281e-12	1.3546343357114545e-21	1.
-2.352352990105551	-9.027310020642197e-12	1.4017991822357492e-21	1.
-2.34729583479582	-9.183238243404253e-12	1.4506051641234948e-21	1.
-2.3422386794860888	-9.341857664252983e-12	1.5011093368195397e-21	1.
-2.337181524176358	-9.503214673218106e-12	1.5533707371313287e-21	1.
-2.3321243688666264	-9.667356458236878e-12	1.6074504516432462e-21	1.
-2.3270672135568953	-9.834331018824221e-12	1.6634116879056885e-21	1.
-2.3220100582471646	-1.0004187179972307e-11	1.7213198478759584e-21	1.
-2.3169529029374334	-1.0176974606287434e-11	1.7812426039318153e-21	1.
-2.3118957476277022	-1.035274381636857e-11	1.8432499777620173e-21	1.
-2.306838592317971	-1.0531546197429693e-11	1.9074144214531504e-21	1.
-2.3017814370082395	-1.0713434020166723e-11	1.9738109018832345e-21	1.
-2.2967242816985087	-1.0898460453882143e-11	2.0425169878727494e-21	1.
-2.2916671263887776	-1.1086679581863517e-11	2.113612940152941e-21	1.
-2.2866099710790464	-1.1278146417023005e-11	2.1871818047999544e-21	1.
-2.2815528157693152	-1.1472916917803444e-11	2.263309509500359e-21	1.
-2.276495660459584	-1.1671048004352166e-11	2.342084963536774e-21	1.
-2.271438505149853	-1.1872597574971843e-11	2.423600160852727e-21	1.
-2.2663813498401217	-1.207762452284739e-11	2.507950286982393e-21	1.
-2.2613241945303906	-1.2286188753055223e-11	2.5952338294595923e-21	1.
-2.25626703922066	-1.2498351199869496e-11	2.6855526922166043e-21	1.
-2.2512098839109282	-1.2714173844348393e-11	2.7790123136842545e-21	1.
-2.246152728601197	-1.2933719732225874e-11	2.875721789252403e-21	1.
-2.241095573291466	-1.3157052992107306e-11	2.9757939977660552e-21	1.
-2.2360384179817347	-1.3384238853967187e-11	3.0793457324115436e-21	1.
-2.230981262672004	-1.3615343667966118e-11	3.1864978362159535e-21	1.
-2.225924107362273	-1.3850434923579955e-11	3.2973753420402335e-21	1.
-2.2208669520525413	-1.4089581269057588e-11	3.412107617610303e-21	1.
-2.21580979674281	-1.4332852531202074e-11	3.5308285153544706e-21	1.
-2.210752641433079	-1.458031973549261e-11	3.653676527577538e-21	1.
-2.205695486123348	-1.4832055126539246e-11	3.780794946745042e-21	1.
-2.200638330813617	-1.5088132188886467e-11	3.912332031687749e-21	1.
-2.1955811755038854	-1.5348625668170086e-11	4.048441179024261e-21	1.
-2.1905240201941543	-1.5613611592623322e-11	4.189281100829281e-21	1.
-2.1854668648844235	-1.588316729495453e-11	4.335016008493739e-21	1.
-2.1804097095746924	-1.6157371434590167e-11	4.4858158025738466e-21	1.
-2.175352554264961	-1.6436304020285747e-11	4.641856269254955e-21	1.
-2.1702953989552296	-1.672004643312964e-11	4.803319284134373e-21	1.
-2.1652382436454984	-1.7008681449925177e-11	4.97039302194596e-21	1.
-2.1601810883357677	-1.7302293266970255e-11	5.143272174753349e-21	1.
-2.1551239330260366	-1.760096752423642e-11	5.3221581764034014e-21	1.
-2.1500667777163054	-1.7904791329949726e-11	5.507259435734572e-21	1.
-2.145009622406574	-1.8213853285595227e-11	5.698791577267724e-21	1.
-2.139952467096843	-1.852824351132935e-11	5.896977690011061e-21	1.
-2.134895311787112	-1.8848053671826967e-11	6.102048585637188e-21	1.
-2.1298381564773807	-1.9173377002562322e-11	6.31424306436503e-21	1.
-2.12478100116765	-1.950430833652241e-11	6.533808190886066e-21	1.
-2.119723845857919	-1.984094413138077e-11	6.760999579567302e-21	1.
-2.1146666905481872	-2.018338249712034e-11	6.996081689127726e-21	1.
-2.109609535238456	-2.0531723224111015e-11	7.239328127554163e-21	1.
-2.104552379928725	-2.0886067811675687e-11	7.491021968110136e-21	1.
-2.099495224618994	-2.124651949711724e-11	7.751456074799331e-21	1.
-2.094438069309263	-2.1613183285242806e-11	8.02093344085377e-21	1.
-2.0893809139995314	-2.1986165978375428e-11	8.29976753676366e-21	1.
-2.0843237586898002	-2.236557620686463e-11	8.588282672148202e-21	1.
-2.079266603380069	-2.2751524460119985e-11	8.886814368855384e-21	1.
-2.0742094480703384	-2.3144123118144522e-11	9.195709746746396e-21	1.
-2.069152292760607	-2.3543486483608288e-11	9.515327924215114e-21	1.
-2.0640951374508756	-2.3949730814453558e-11	9.846040430052287e-21	1.
-2.0590379821411444	-2.4362974357034024e-11	1.01882316314683e-20	1.
-2.0539808268314133	-2.4783337379823215e-11	1.0542299176050781e-20	1.
-2.0489236715216825	-2.521094220767367e-11	1.0908654448190002e-20	1.
-2.0438665162119514	-2.5645913256636326e-11	1.1287723042176018e-20	1.
-2.0388093609022198	-2.608837706938542e-11	1.1679945251214771e-20	1.
-2.0337522055924886	-2.6538462351203695e-11	1.2085776572074862e-20	1.
-2.028695050282758	-2.6996300006589625e-11	1.2505688229264147e-20	1.
-2.0236378949730267	-2.746202317644896e-11	1.2940167713969379e-20	1.
-2.0185807396632955	-2.793576727592567e-11	1.338971934528376e-20	1.
-2.0135235843535644	-2.841767003284692e-11	1.385486484649802e-20	1.
-2.008466429043833	-2.8907871526799724e-11	1.433614394401274e-20	1.
-2.003409273734102	-2.940651422887558e-11	1.4834114986308133e-20	1.
-1.9983521184243709	-2.99137430420489e-11	1.5349355581959466e-20	1.
-1.99329496311464	-3.0429705342239474e-11	1.5882463262101664e-20	1.
-1.9882378078049088	-3.0954551020043643e-11	1.6434056164446576e-20	1.
-1.9831806524951774	-3.148843252316843e-11	1.700477373939675e-20	1.
-1.9781234971854462	-3.203150489954198e-11	1.7595277481929615e-20	1.
-1.9730663418757153	-3.258392584116079e-11	1.8206251688248952e-20	1.
-1.9680091865659841	-3.314585572863993e-11	1.8838404236524297e-20	1.
-1.962952031256253	-3.371745767650855e-11	1.949246739686934e-20	1.
-1.9578948759465216	-3.4298897579248724e-11	2.0169198665977323e-20	1.
-1.9528377206367904	-3.489034415807839e-11	2.0869381632897374e-20	1.
-1.9477805653270595	-3.549196900852536e-11	2.1593826871682526e-20	1.
-1.9427234100173285	-3.610394664876181e-11	2.234337286722274e-20	1.
-1.9376662547075973	-3.672645456874536e-11	2.31188869688744e-20	1.
-1.9326090993978662	-3.735967328015223e-11	2.3921266380800003e-20	1.
-1.9275519440881346	-3.8003786367145135e-11	2.4751439181700625e-20	1.
-1.9224947887784036	-3.8658980537949756e-11	2.5610365382590557e-20	1.
-1.9174376334686725	-3.9325445677300024e-11	2.649903801821589e-20	1.
-1.9123804781589415	-4.000337489971162e-11	2.7418484276255524e-20	1.
-1.9073233228492106	-4.0692964603653414e-11	2.836976666563474e-20	1.
-1.902266167539479	-4.139441452657448e-11	2.93539842219356e-20	1.
-1.897209012229748	-4.210792780085172e-11	3.0372273757611113e-20	1.
-1.8921518569200169	-4.283371101062765e-11	3.1425811149366175e-20	1.
-1.8870947016102857	-4.357197424958615e-11	3.2515812674819096e-20	1.
-1.8820375463005548	-4.432293117966475e-11	3.3643536388803974e-20	1.
-1.8769803909908231	-4.5086799090702335e-11	3.4810283551204785e-20	1.
-1.8719232356810922	-4.586379896108321e-11	3.601740009816714e-20	1.
-1.866866080371361	-4.665415551933597e-11	3.7266278168728424e-20	1.
-1.86180892506163	-4.745809730674901e-11	3.855835767566001e-20	1.
-1.856751769751899	-4.8275856740976424e-11	3.9895127937616325e-20	1.
-1.8516946144421673	-4.910767018069856e-11	4.127812935853098e-20	1.
-1.8466374591324364	-4.995377799129e-11	4.270895516955745e-20	1.
-1.8415803038227054	-5.0814424611585555e-11	4.418925322635505e-20	1.
-1.8365231485129743	-5.168985862167712e-11	4.572072786713911e-20	1.
-1.8314659932032433	-5.2580332811842925e-11	4.7305141836296606e-20	1.
-1.826408837893512	-5.348610425254245e-11	4.894431826641229e-20	1.
-1.8213516825837806	-5.4407434365569914e-11	5.0640142736033305e-20	1.
-1.8162945272740494	-5.534458899631636e-11	5.2394565385359656e-20	1.
-1.8112373719643184	-5.6297838487208956e-11	5.4209603115085344e-20	1.
-1.8061802166545875	-5.726745775232008e-11	5.60873418473623e-20	1.
-1.8011230613448563	-5.82537263531426e-11	5.80299388731327e-20	1.
-1.7960659060351247	-5.925692857561526e-11	6.003962526782042e-20	1.
-1.7910087507253938	-6.027735350833126e-11	6.211870839987306e-20	1.
-1.7859515954156628	-6.131529512202603e-11	6.426957450868621e-20	1.
-1.7808944401059317	-6.237105235028687e-11	6.649469138462336e-20	1.
-1.7758372847962005	-6.344492917158976e-11	6.879661112447132e-20	1.
-1.770780129486469	-6.453723469257836e-11	7.117797298895574e-20	1.
-1.765722974176738	-6.564828323272062e-11	7.364150635122087e-20	1.
-1.760665818867007	-6.677839441023673e-11	7.619003374178692e-20	1.
-1.7556086635572759	-6.792789322944515e-11	7.882647400358219e-20	1.
-1.7505515082475447	-6.909711016942255e-11	8.155384553722818e-20	1.
-1.7454943529378137	-7.028638127410914e-11	8.43752696745297e-20	1.
-1.7404371976280824	-7.149604824378543e-11	8.729397414043135e-20	1.
-1.7353800423183512	-7.272645852800842e-11	9.031329665553101e-20	1.
-1.73032288700862	-7.397796541999997e-11	9.343668863329549e-20	1.
-1.725265731698889	-7.525092815247237e-11	9.666771902332228e-20	1.
-1.720208576389158	-7.654571199501036e-11	1.0001007825940503e-19	1.
-1.7151514210794263	-7.786268835290326e-11	1.0346758236351282e-19	1.
-1.7100942657696954	-7.920223486757058e-11	1.070441771567858e-19	1.
-1.7050371104599644	-8.056473551848062e-11	1.1074394263992847e-19	1.
-1.6999799551502333	-8.195058072672528e-11	1.145710974929457e-19	1.
-1.6949227998405023	-8.336016746010271e-11	1.1853000374048984e-19	1.
-1.6898656445307707	-8.479389933991633e-11	1.2262517156246605e-19	1.
-1.6848084892210395	-8.62521867493317e-11	1.2686126426950514e-19	1.
-1.6797513339113086	-8.773544694346405e-11	1.3124310343151706e-19	1.
-1.6746941786015774	-8.924410416110473e-11	1.3577567419461717e-19	1.
-1.6696370232918465	-9.077858973820682e-11	1.404641307469476e-19	1.
-1.6645798679821149	-9.233934222303759e-11	1.4531380199084457e-19	1.
-1.6595227126723837	-9.392680749315309e-11	1.5033019737881867e-19	1.
-1.6544655573626528	-9.554143887412128e-11	1.555190129591374e-19	1.
-1.6494084020529218	-9.718369726002883e-11	1.608861376051079e-19	1.
-1.6443512467431907	-9.885405123585902e-11	1.6643765945562637e-19	1.
-1.6392940914334597	-1.0055297720166142e-10	1.7217987257121715e-19	1.
-1.6342369361237281	-1.0228095949866712e-10	1.7811928379274114e-19	1.
-1.629179780813997	-1.0403849053720452e-10	1.8426261983958613e-19	1.
-1.624122625504266	-1.0582607092662957e-10	1.9061683462852137e-19	1.
-1.619065470194535	-1.0764420960715232e-10	1.9718911684398599e-19	1.
-1.614008314884804	-1.0949342398362313e-10	2.0398689773284823e-19	1.
-1.6089511595750723	-1.1137424006135822e-10	2.1101785917845627e-19	1.
-1.6038940042653413	-1.1328719258392053e-10	2.182899420187611e-19	1.
-1.5988368489556102	-1.1523282517301534e-10	2.258113546353703e-19	1.
-1.5937796936458792	-1.172116904703786e-10	2.3359058184133793e-19	1.
-1.588722538336148	-1.1922435028184486e-10	2.416363940192839e-19	1.
-1.5836653830264165	-1.212713757234252e-10	2.4995785659601006e-19	1.
-1.5786082277166855	-1.2335334736963237e-10	2.585643397882306e-19	1.
-1.5735510724069546	-1.2547085540392725e-10	2.6746552869523115e-19	1.
-1.5684939170972234	-1.2762449977133663e-10	2.7667143368038227e-19	1.
-1.5634367617874925	-1.2981489033335628e-10	2.8619240111925085e-19	1.
-1.5583796064777609	-1.3204264702501857e-10	2.9603912447981693e-19	1.
-1.5533224511680297	-1.3430840001431444e-10	3.0622265574099946e-19	1.
-1.5482652958582988	-1.3661278986383405e-10	3.1675441722721836e-19	1.
-1.5432081405485676	-1.3895646769481645e-10	3.276462137472043e-19	1.
-1.5381509852388366	-1.4134009535343614e-10	3.3891024520634755e-19	1.
-1.5330938299291055	-1.43764345579578e-10	3.5055911952822494e-19	1.
-1.5280366746193739	-1.4622990217795036e-10	3.626058661033915e-19	1.
-1.522979519309643	-1.4873746019162839e-10	3.7506394951571116e-19	1.
-1.5179223639999118	-1.512877260780545e-10	3.879472838888696e-19	1.
-1.5128652086901808	-1.5388141788756487e-10	4.012702474857622e-19	1.
-1.5078080533804499	-1.5651926544428938e-10	4.1504769796801505e-19	1.
-1.5027508980707183	-1.592020105297739e-10	4.2929498796197366e-19	1.
-1.4976937427609873	-1.6193040706895172e-10	4.440279812821767e-19	1.
-1.4926365874512562	-1.6470522131890862e-10	4.592630694948138e-19	1.
-1.487579432141525	-1.675272320600136e-10	4.750171891694342e-19	1.
-1.482522276831794	-1.7039723078997283e-10	4.9130783955403075e-19	1.
-1.4774651215220624	-1.7331602192021592e-10	5.081531008309107e-19	1.
-1.4724079662123313	-1.762844229752856e-10	5.255716530217749e-19	1.
-1.4673508109026003	-1.7930326479464984e-10	5.435827953428023e-19	1.
-1.4622936555928694	-1.8237339173752448e-10	5.622064663293401e-19	1.
-1.4572365002831382	-1.8549566189016533e-10	5.814632643973116e-19	1.
-1.4521793449734073	-1.8867094727622724e-10	6.013744692924709e-19	1.
-1.4471221896636757	-1.9190013406970477e-10	6.219620638797528e-19	1.
-1.4420650343539445	-1.9518412281083235e-10	6.432487569949799e-19	1.
-1.4370078790442136	-1.9852382862479347e-10	6.652580066050581e-19	1.
-1.4319507237344824	-2.0192018144333942e-10	6.880140440601366e-19	1.
-1.4268935684247515	-2.053741262292997e-10	7.115418987375272e-19	1.
-1.4218364131150198	-2.088866232039517e-10	7.358674237995197e-19	1.
-1.4167792578052887	-2.1245864807748873e-10	7.610173223607268e-19	1.
-1.4117221024955577	-2.1609119228228923e-10	7.8701917489032065e-19	1.
-1.4066649471858268	-2.1978526320935293e-10	8.139014669596568e-19	1.
-1.4016077918760956	-2.235418844475315e-10	8.416936183584471e-19	1.
-1.3965506365663642	-2.273620960261129e-10	8.704260126183119e-19	1.
-1.391493481256633	-2.3124695466003806e-10	9.001300277847524e-19	1.
-1.386436325946902	-2.3519753399867507e-10	9.30838067932248e-19	1.
-1.381379170637171	-2.3921492487721265e-10	9.62583595710094e-19	1.
-1.3763220153274398	-2.433002355716463e-10	9.95401165844701e-19	1.
-1.3712648600177082	-2.4745459205639125e-10	1.02932645960726e-18	1.
-1.3662077047079773	-2.516791382655771e-10	1.0643963205116522e-18	1.
-1.3611505493982463	-2.5597503635701294e-10	1.1006487906598122e-18	1.
-1.3560933940885151	-2.6034346697974335e-10	1.13812314881381e-18	1.
-1.3510362387787842	-2.6478562954449583e-10	1.1768599488430014e-18	1.
-1.345979083469053	-2.6930274249762367e-10	1.2169010600949351e-18	1.
-1.3409219281593214	-2.738960435979991e-10	1.2582897081934578e-18	1.
-1.3358647728495905	-2.7856679019738915e-10	1.3010705177921323e-18	1.
-1.3308076175398595	-2.833162595239704e-10	1.3452895558825348e-18	1.
-1.3257504622301284	-2.8814574896906006e-10	1.3909943770668936e-18	1.
-1.3206933069203974	-2.93056576377306e-10	1.4382340693946187e-18	1.
-1.3156361516106658	-2.980500803399551e-10	1.4870593024496697e-18	1.
-1.3105789963009347	-3.031276204916347e-10	1.5375223757791732e-18	1.
-1.3055218409912037	-3.08290577810157e-10	1.5896772698746306e-18	1.
-1.3004646856814726	-3.1354035492006526e-10	1.6435796975398852e-18	1.
-1.2954075303717414	-3.1887837639889636e-10	1.6992871576170644e-18	1.
-1.29035037506201	-3.2430608908746815e-10	1.7568589896794624e-18	1.
-1.2852932197522788	-3.2982496240277674e-10	1.816356430661159e-18	1.
-1.280236064442548	-3.3543648865494307e-10	1.8778426728541394e-18	1.
-1.2751789091328167	-3.4114218336671827e-10	1.941382923661814e-18	1.
-1.2701217538230858	-3.469435855971262e-10	2.0070444672661794e-18	1.
-1.2650645985133546	-3.528422582676392e-10	2.074896727356396e-18	1.
-1.2600074432036232	-3.5883978849235546e-10	2.145011332779121e-18	1.
-1.254950287893892	-3.649377879109377e-10	2.217462183609508e-18	1.
-1.2498931325841611	-3.711378930253581e-10	2.2923255205855587e-18	1.
-1.24483597727443	-3.7744176553945814e-10	2.3696799949368634e-18	1.
-1.239778821964699	-3.838510927022117e-10	2.4496067417407725e-18	1.
-1.2347216666549674	-3.9036758765402354e-10	2.5321894537132887e-18	1.
-1.2296645113452365	-3.9699298977629063e-10	2.6175144586382436e-18	1.
-1.2246073560355053	-4.0372906504439347e-10	2.7056707972659907e-18	1.
-1.2195502007257744	-4.1057760638369395e-10	2.796750305167894e-18	1.
-1.2144930454160432	-4.1754043402896716e-10	2.890847694753043e-18	1.
-1.2094358901063116	-4.2461939588670796e-10	2.9880606417800064e-18	1.
-1.2043787347965806	-4.318163679011211e-10	3.0884898719701054e-18	1.
-1.1993215794868495	-4.391332544224882e-10	3.192239251854423e-18	1.
-1.1942644241771185	-4.4657198857956743e-10	3.2994158806419317e-18	1.
-1.1892072688673874	-4.5413453265412033e-10	3.410130185587827e-18	1.
-1.184150113557656	-4.618228784594588e-10	3.524496019032771e-18	1.
-1.1790929582479248	-4.69639047720961e-10	3.6426307585981904e-18	1.
-1.1740358029381939	-4.775850924606918e-10	3.764655410013031e-18	1.
-1.1689786476284627	-4.856630953838292e-10	3.890694711739201e-18	1.
-1.1639214923187318	-4.938751702689878e-10	4.020877244108762e-18	1.
-1.1588643370090006	-5.022234623605593e-10	4.155335538956665e-18	1.
-1.153807181699269	-5.107101487646074e-10	4.294206194592481e-18	1.
-1.1487500263895378	-5.193374388467718e-10	4.4376299910902076e-18	1.
-1.143692871079807	-5.281075746335329e-10	4.5857520113314995e-18	1.
-1.138635715770076	-5.370228312156785e-10	4.73872176212005e-18	1.
-1.1335785604603448	-5.460855171544621e-10	4.896693301390919e-18	1.
-1.1285214051506132	-5.55297974890414e-10	5.0598253656282935e-18	1.
-1.1234642498408822	-5.646625811544074e-10	5.228281503468912e-18	1.
-1.118407094531151	-5.741817473813841e-10	5.4022302093698145e-18	1.
-1.1133499392214201	-5.838579201258789e-10	5.581845063930536e-18	1.
-1.1082927839116892	-5.936935814805276e-10	5.767304874398515e-18	1.
-1.1032356286019576	-6.036912494959261e-10	5.958793821731899e-18	1.
-1.0981784732922264	-6.138534786033796e-10	6.156501608006556e-18	1.
-1.0931213179824955	-6.241828600387297e-10	6.360623610425278e-18	1.
-1.0880641626727645	-6.346820222691911e-10	6.571361036611162e-18	1.
-1.0830070073630333	-6.453536314207239e-10	6.788921084634831e-18	1.
-1.0779498520533017	-6.562003917083974e-10	7.013517107156597e-18	1.
-1.0728926967435706	-6.672250458672026e-10	7.245368778130579e-18	1.
-1.0678355414338396	-6.78430375585485e-10	7.484702264907155e-18	1.
-1.0627783861241087	-6.898192019386479e-10	7.731750402430578e-18	1.
-1.0577212308143775	-7.013943858252355e-10	7.986752873966848e-18	1.
-1.0526640755046466	-7.131588284032995e-10	8.2499563922703e-18	1.
-1.047606920194915	-7.251154715283694e-10	8.52161488927388e-18	1.
-1.042549764885184	-7.372672981920817e-10	8.80198970536805e-18	1.
-1.0374926095754529	-7.496173329618486e-10	9.091349786937691e-18	1.
-1.0324354542657217	-7.621686424208772e-10	9.389971884686656e-18	1.
-1.0273782989559908	-7.749243356090047e-10	9.698140759558882e-18	1.
-1.0223211436462591	-7.878875644639e-10	1.0016149389502202e-17	1.
-1.017263988336528	-8.010615242621494e-10	1.0344299184260505e-17	1.
-1.012206833026797	-8.144494540610682e-10	1.0682900201193965e-17	1.
-1.007149677717066	-8.280546371398438e-10	1.1032271368963588e-17	1.
-1.002092522407335	-8.418804014410137e-10	1.1392740712261216e-17	1.
-0.9970353670976034	-8.559301200109447e-10	1.1764645584371372e-17	1.
-0.9919782117878724	-8.702072114404733e-10	1.2148332901863298e-17	1.
-0.9869210564781413	-8.847151403041524e-10	1.2544159385794076e-17	1.
-0.9818639011684103	-8.99457417599267e-10	1.2952491806196986e-17	1.
-0.9768067458586791	-9.144376011830979e-10	1.3373707231972142e-17	1.
-0.9717495905489482	-9.296592962095587e-10	1.3808193286018653e-17	1.
-0.9666924352392166	-9.451261555639113e-10	1.425634840373988e-17	1.
-0.9616352799294855	-9.608418802961475e-10	1.4718582098014344e-17	1.
-0.9565781246197546	-9.768102200523082e-10	1.5195315227811968e-17	1.
-0.9515209693100234	-9.93034973504013e-10	1.5686980272220343e-17	1.
-0.9464638140002924	-1.0095199887754646e-9	1.6194021609098723e-17	1.
-0.9414066586905608	-1.0262691638681377e-9	1.6716895798833126e-17	1.
-0.9363495033808298	-1.0432864470828298e-9	1.7256071872935003e-17	1.
-0.9312923480710986	-1.060575837438667e-9	1.781203162713636e-17	1.
-0.9262351927613677	-1.078141385089113e-9	1.8385269920195157e-17	1.
-0.9211780374516366	-1.0959871917345381e-9	1.8976294976724912e-17	1.
-0.916120882141905	-1.1141174110312433e-9	1.9585628695379757e-17	1.
-0.911063726832174	-1.1325362489966115e-9	2.0213806961971605e-17	1.
-0.9060065715224429	-1.151247964410198e-9	2.0861379967169744e-17	1.
-0.9009494162127119	-1.1702568692105098e-9	2.1528912528919465e-17	1.
-0.8958922609029809	-1.1895673288872092e-9	2.2216984420202742e-17	1.
-0.8908351055932493	-1.209183762868456e-9	2.2926190701120562e-17	1.
-0.8857779502835182	-1.2291106449031535e-9	2.3657142055673475e-17	1.
-0.8807207949737872	-1.249352503437928e-9	2.441046513319694e-17	1.
-0.8756636396640561	-1.2699139219883409e-9	2.5186802894992767e-17	1.
-0.870606484354325	-1.290799539504464e-9	2.598681496490074e-17	1.
-0.865549329044594	-1.3120140507297449e-9	2.681117798406349e-17	1.
-0.8604921737348625	-1.3335622065542123e-9	2.7660585971213168e-17	1.
-0.8554350184251314	-1.3554488143602896e-9	2.8535750686621233e-17	1.
-0.8503778631154004	-1.377678738361865e-9	2.943740200018431e-17	1.
-0.8453207078056693	-1.4002568999361112e-9	3.0366288262967234e-17	1.
-0.8402635524959383	-1.423188277947617e-9	3.132317668611405e-17	1.
-0.8352063971862067	-1.4464779090646227e-9	3.230885371925787e-17	1.
-0.8301492418764757	-1.4701308880671748e-9	3.3324125434131685e-17	1.
-0.8250920865667446	-1.494152368146731e-9	3.4369817916311944e-17	1.
-0.8200349312570135	-1.5185475611969826e-9	3.544677765249388e-17	1.
-0.8149777759472825	-1.543321738095833e-9	3.655587192705496e-17	1.
-0.8099206206375509	-1.5684802289773958e-9	3.769798922404918e-17	1.
-0.8048634653278198	-1.5940284234951306e-9	3.8874039621050083e-17	1.
-0.7998063100180888	-1.6199717710744503e-9	4.008495520190853e-17	1.
-0.7947491547083577	-1.6463157811549765e-9	4.1331690459437154e-17	1.
-0.7896919993986267	-1.6730660234226498e-9	4.2615222704225494e-17	1.
-0.7846348440888957	-1.7002281280305317e-9	4.393655248295036e-17	1.
-0.7795776887791641	-1.7278077858084156e-9	4.5296703986313915e-17	1.
-0.7745205334694331	-1.7558107484614188e-9	4.6696725467898404e-17	1.
-0.769463378159702	-1.784242828755738e-9	4.813768966882516e-17	1.
-0.764406222849971	-1.8131099006933791e-9	4.9620694225865517e-17	1.
-0.7593490675402399	-1.8424178996740274e-9	5.114686210333611e-17	1.
-0.7542919122305084	-1.872172822643248e-9	5.27173420126125e-17	1.
-0.7492347569207772	-1.9023807282296407e-9	5.4333308831562124e-17	1.
-0.7441776016110462	-1.933047736866756e-9	5.599596403647368e-17	1.
-0.7391204463013152	-1.964180030902051e-9	5.770653611837649e-17	1.
-0.7340632909915842	-1.995783854692631e-9	5.946628100923608e-17	1.
-0.7290061356818526	-2.0278655146852072e-9	6.127648251693453e-17	1.
-0.7239489803721216	-2.060431379482959e-9	6.313845272869289e-17	1.
-0.7188918250623905	-2.0934878798973713e-9	6.505353245123147e-17	1.
-0.7138346697526594	-2.1270415089833822e-9	6.70230916281041e-17	1.
-0.7087775144429284	-2.161098822061997e-9	6.904852975210412e-17	1.
-0.7037203591331967	-2.195666436725115e-9	7.11312762960305e-17	1.
-0.6986632038234658	-2.2307510328241714e-9	7.32727911172852e-17	1.
-0.6936060485137348	-2.266359352445414e-9	7.547456487604701e-17	1.
-0.6885488932040036	-2.3024981998652127e-9	7.773811945762942e-17	1.
-0.6834917378942728	-2.3391744414910967e-9	8.006500835349434e-17	1.
-0.6784345825845415	-2.376395005785844e-9	8.245681708973572e-17	1.
-0.67337742727481	-2.4141668831720324e-9	8.491516362301079e-17	1.
-0.668320271965079	-2.4524971259229953e-9	8.744169871960044e-17	1.
-0.6632631166553479	-2.4913928480335796e-9	9.003810637062038e-17	1.
-0.6582059613456167	-2.530861225072511e-9	9.27061041582825e-17	1.
-0.6531488060358859	-2.5709094940205115e-9	9.544744364079957e-17	1.
-0.6480916507261543	-2.6115449530861383e-9	9.826391074785074e-17	1.
-0.6430344954164232	-2.652774961504912e-9	1.0115732610425248e-16	1.
-0.6379773401066922	-2.6946069393217835e-9	1.0412954543479899e-16	1.
-0.6329201847969611	-2.7370483671509684e-9	1.07182459906185e-16	1.
-0.6278630294872299	-2.7801067859209203e-9	1.1031799644669133e-16	1.
-0.6228058741774984	-2.8237897965985115e-9	1.1353811813119444e-16	1.
-0.6177487188677674	-2.8681050598927902e-9	1.1684482447250164e-16	1.
-0.6126915635580364	-2.9130602959437937e-9	1.202401517525978e-16	1.
-0.6076344082483053	-2.958663283987655e-9	1.2372617336619162e-16	1.
-0.6025772529385742	-3.0049218620038488e-9	1.2730500005974725e-16	1.
-0.5975200976288432	-3.051843926345805e-9	1.3097878028181482e-16	1.
-0.5924629423191117	-3.099437431346742e-9	1.3474970045521172e-16	1.
-0.5874057870093806	-3.147710388910968e-9	1.3861998520010155e-16	1.
-0.5823486316996496	-3.1966708680836262e-9	1.4259189765046752e-16	1.
-0.5772914763899185	-3.2463269945989637e-9	1.4666773972236907e-16	1.
-0.5722343210801875	-3.2966869504141e-9	1.50849852220541e-16	1.
-0.5671771657704558	-3.3477589732179673e-9	1.5514061523624878e-16	1.
-0.5621200104607248	-3.3995513559242724e-9	1.5954244819543577e-16	1.
-0.5570628551509939	-3.452072446143484e-9	1.6405781019006329e-16	1.
-0.5520056998412627	-3.5053306456362576e-9	1.6868920008467234e-16	1.
-0.5469485445315317	-3.5593344097474423e-9	1.7343915669096052e-16	1.
-0.5418913892218001	-3.614092246820435e-9	1.7831025895192274e-16	1.
-0.5368342339120691	-3.6696127175933062e-9	1.83305126067196e-16	1.
-0.531777078602338	-3.725904434576069e-9	1.8842641759761694e-16	1.
-0.5267199232926071	-3.782976061408109e-9	1.9367683361547212e-16	1.
-0.521662767982876	-3.840836312198967e-9	1.9905911477629464e-16	1.
-0.5166056126731444	-3.8994939508485866e-9	2.045760423840356e-16	1.
-0.5115484573634133	-3.958957790352112e-9	2.1023043848536092e-16	1.
-0.5064913020536822	-4.019236692084203e-9	2.1602516589202337e-16	1.
-0.5014341467439511	-4.080339565067018e-9	2.219631282053335e-16	1.
-0.49637699143422015	-4.142275365221632e-9	2.280472698606385e-16	1.
-0.49131983612448915	-4.205053094600292e-9	2.342805760800648e-16	1.
-0.48626268081475754	-4.268681800604072e-9	2.4066607288721774e-16	1.
-0.48120552550502654	-4.33317057518247e-9	2.4720682703776745e-16	1.
-0.47614837019529543	-4.3985285540180344e-9	2.5390594598121015e-16	1.
-0.4710912148855644	-4.464764915694734e-9	2.607665777871048e-16	1.
-0.46603405957583327	-4.5318888808507645e-9	2.677919110285321e-16	1.
-0.46097690426610183	-4.599909711317415e-9	2.7498517469510017e-16	1.
-0.45591974895637066	-4.6688367092421e-9	2.8234963807311367e-16	1.
-0.4508625936466397	-4.738679216197661e-9	2.898886105680144e-16	1.
-0.4458054383369086	-4.809446612279192e-9	2.976054415436495e-16	1.
-0.4407482830271775	-4.8811483151862255e-9	3.0550352016455835e-16	1.
-0.43569112771744595	-4.953793779292765e-9	3.1358627519475626e-16	1.
-0.430633972407715	-5.027392494704503e-9	3.21857174756574e-16	1.
-0.42557681709798395	-5.101953986306068e-9	3.303197260937474e-16	1.
-0.42051966178825284	-5.1774878127954e-9	3.3897747533590057e-16	1.
-0.41546250647852173	-5.254003565708233e-9	3.478340072432869e-16	1.
-0.4104053511687902	-5.331510868431747e-9	3.568929448918888e-16	1.
-0.4053481958590592	-5.410019375210278e-9	3.6615794934941753e-16	1.
-0.40029104054932824	-5.489538770141249e-9	3.756327194073686e-16	1.
-0.39523388523959707	-5.570078766162124e-9	3.8532099121700055e-16	1.
-0.39017672992986613	-5.6516491040311395e-9	3.952265379208173e-16	1.
-0.38511957462013496	-5.7342595512995275e-9	4.053531693182596e-16	1.
-0.38006241931040335	-5.817919901279093e-9	4.157047314454499e-16	1.
-0.3750052640006724	-5.902639972001653e-9	4.2628510620002237e-16	1.
-0.36994810869094125	-5.988429605176377e-9	4.3709821091952464e-16	1.
-0.3648909533812102	-6.0752986651394184e-9	4.481479979412826e-16	1.
-0.3598337980714792	-6.163257037802931e-9	4.594384541905329e-16	1.
-0.35477664276174814	-6.2523146295984584e-9	4.709736006838656e-16	1.
-0.34971948745201714	-6.342481366419737e-9	4.827574921092233e-16	1.
-0.34466233214228614	-6.433767192562785e-9	4.947942163045988e-16	1.
-0.33960517683255403	-6.526182069665523e-9	5.070878937965834e-16	1.
-0.3345480215228229	-6.619735975647187e-9	5.196426772700325e-16	1.
-0.3294908662130918	-6.714438903647495e-9	5.324627510984997e-16	1.
-0.3244337109033609	-6.8103008609686434e-9	5.455523307721701e-16	1.
-0.3193765555936298	-6.907331868016469e-9	5.589156624174282e-16	1.
-0.31431940028389876	-7.0055419572475965e-9	5.72557022205348e-16	1.
-0.30926224497416765	-7.104941172117345e-9	5.864807158575723e-16	1.
-0.30420508966443666	-7.2055395660328925e-9	6.006910780497092e-16	1.
-0.2991479343547056	-7.307347201310911e-9	6.151924719075613e-16	1.
-0.2940907790449745	-7.410374148140208e-9	6.299892883799007e-16	1.
-0.2890336237352424	-7.514630483552722e-9	6.450859457048217e-16	1.
-0.2839764684255115	-7.620126290398662e-9	6.604868888378223e-16	1.
-0.27891931311578044	-7.726871656331469e-9	6.761965888778373e-16	1.
-0.2738621578060493	-7.834876672799832e-9	6.922195424984375e-16	1.
-0.2688050024963183	-7.944151434049332e-9	7.085602713256712e-16	1.
-0.2637478471865872	-8.054706036134942e-9	7.252233214235792e-16	1.
-0.2586906918768561	-8.16655057594196e-9	7.422132626702488e-16	1.
-0.25363353656712506	-8.279695150219691e-9	7.595346882225326e-16	1.
-0.248576381257394	-8.394149854625946e-9	7.771922139134229e-16	1.
-0.24351922594766304	-8.509924782785093e-9	7.951904776707558e-16	1.
-0.2384620706379319	-8.627030025359533e-9	8.13534138991679e-16	1.
-0.23340491532819987	-8.745475669131872e-9	8.322278783829129e-16	1.
-0.2283477600184688	-8.86527179610651e-9	8.512763967438435e-16	1.
-0.2232906047087377	-8.98642848262259e-9	8.706844149022859e-16	1.
-0.21823344939900677	-9.10895579848303e-9	8.90456673009267e-16	1.
-0.21317629408927571	-9.232863806102108e-9	9.10597930044357e-16	1.
-0.20811913877954466	-9.35816255966715e-9	9.311129632937957e-16	1.
-0.20306198346981363	-9.484862104319166e-9	9.520065678207146e-16	1.
-0.19800482816008258	-9.612972475351187e-9	9.732835559752455e-16	1.
-0.19294767285035141	-9.742503697424943e-9	9.949487569057727e-16	1.
-0.18789051754062036	-9.873465783806472e-9	1.017007016105137e-15	1.
-0.1828333622308883	-1.0005868735621484e-8	1.0394631948885586e-15	1.
-0.17777620692115723	-1.0139722541130978e-8	1.0623221700361066e-15	1.
-0.17271905161142628	-1.0275037175025448e-8	1.0855888333056863e-15	1.
-0.16766189630169515	-1.0411822597743932e-8	1.109268090963557e-15	1.
-0.16260474099196418	-1.0550088754809577e-8	1.1333648635628653e-15	1.
-0.15754758568223312	-1.068984557618935e-8	1.1578840853412248e-15	1.
-0.152490430372502	-1.083110297567887e-8	1.1828307040199397e-15	1.
-0.14743327506277096	-1.0973870850301424e-8	1.2082096804589222e-15	1.
-0.14237611975303993	-1.111815907973882e-8	1.2340259881065607e-15	1.
-0.13731896444330893	-1.1263977525781207e-8	1.2602846131066256e-15	1.
-0.13226180913357788	-1.141133603179682e-8	1.2869905536448428e-15	1.
-0.12720465382384574	-1.1560244422235588e-8	1.3141488197629407e-15	1.
-0.12214749851411469	-1.1710712502144154e-8	1.3417644333912209e-15	1.
-0.11709034320438366	-1.1862750056713132e-8	1.3698424277108938e-15	1.
-0.11203318789465258	-1.2016366850851462e-8	1.3983878472769636e-15	1.
-0.10697603258492153	-1.2171572628772592e-8	1.4274057478590323e-15	1.
-0.10191887727519051	-1.2328377113619718e-8	1.456901195849702e-15	1.
-0.09686172196545945	-1.2486790007110471e-8	1.486879268887269e-15	1.
-0.09180456665572846	-1.264682098919895e-8	1.5173450551824065e-15	1.
-0.08674741134599735	-1.2808479717780486e-8	1.5483036533885777e-15	1.
-0.08169025603626626	-1.2971775828403534e-8	1.5797601732944975e-15	1.
-0.07663310072653422	-1.3136718934014661e-8	1.6117197348724934e-15	1.
-0.07157594541680322	-1.3303318624738215e-8	1.6441874688463543e-15	1.
-0.0665187901070721	-1.3471584467659278e-8	1.677168516828759e-15	1.
-0.061461634797341125	-1.3641526006652082e-8	1.710668030675949e-15	1.
-0.056404479487609994	-1.381315276223108e-8	1.7446911735650215e-15	1.
-0.051347324177878975	-1.3986474231409433e-8	1.779243119485051e-15	1.
-0.04629016886814792	-1.416149988761113e-8	1.814329053000042e-15	1.
-0.041233013558416846	-1.4338239180585964e-8	1.8499541707929378e-15	1.
-0.03617585824868583	-1.4516701536352948e-8	1.8861236803560363e-15	1.
-0.031118702938954763	-1.4696896357188319e-8	1.9228428009269473e-15	1.
-0.02606154762922376	-1.4878833021605839e-8	1.9601167640353878e-15	1.
-0.021004392319491666	-1.506252088438687e-8	1.9979508129408603e-15	1.
-0.01594723700976058	-1.5247969276635824e-8	2.036350203831197e-15	1.
-0.010890081700029579	-1.5435187505832577e-8	2.0753202058690343e-15	1.
-0.005832926390298485	-1.562418485594544e-8	2.114866100572285e-15	1.
-0.0007757710805674788	-1.5814970587546148e-8	2.1549931843312776e-15	1.
0.0042813842291635216	-1.600755393794235e-8	2.195706766833391e-15	1.
0.009338539538894703	-1.620194412136626e-8	2.2370121720323033e-15	1.
0.014395694848625707	-1.6398150329144497e-8	2.2789147397728693e-15	1.
0.019452850158356814	-1.6596181729917295e-8	2.321419824430891e-15	1.
0.024510005468087827	-1.6796047469888522e-8	2.3645327968580586e-15	1.
0.029567160777818898	-1.6997756673059103e-8	2.4082590448252535e-15	1.
0.034624316087550996	-1.7201318441525895e-8	2.452603972013439e-15	1.
0.03968147139728202	-1.7406741855784487e-8	2.4975730013349612e-15	1.
0.04473862670701309	-1.761403597503393e-8	2.5431715734017954e-15	1.
0.049795782016744075	-1.782320983754853e-8	2.5894051471492063e-15	1.
0.05485293732647514	-1.803427246102325e-8	2.6362792028268594e-15	1.
0.05991009263620629	-1.824723284296026e-8	2.683799239721031e-15	1.
0.06496724794593718	-1.846209996109607e-8	2.7319707786973934e-15	1.
0.07002440325566824	-1.867888277379728e-8	2.780799363178659e-15	1.
0.0750815585653993	-1.8897590220522526e-8	2.830290557867315e-15	1.
0.08013871387513043	-1.911823122229375e-8	2.880449952392873e-15	1.
0.08519586918486252	-1.9340814682151394e-8	2.9312831602467727e-15	1.
0.09025302449459352	-1.956534948568208e-8	2.982795819255892e-15	1.
0.09531017980432453	-1.9791844501524025e-8	3.0349935943719454e-15	1.