-4.961845129926823	-1.1262868690462112e-11	2.2197960381577066e-21	1.
-4.956883284796897	-1.1455368454762803e-11	2.296130165168268e-21	1.
-4.95192143966697	-1.1651150042752269e-11	2.3750877839806623e-21	1.
-4.946959594537042	-1.1850269271151175e-11	2.4567567316732354e-21	1.
-4.941997749407117	-1.2052782991229259e-11	2.541233007690393e-21	1.
-4.93703590427719	-1.2258748935432688e-11	2.628608100828473e-21	1.
-4.932074059147263	-1.2468225857718644e-11	2.7189904539735967e-21	1.
-4.927112214017336	-1.268127347304546e-11	2.812471898190502e-21	1.
-4.922150368887409	-1.2897952589080404e-11	2.9091681073020756e-21	1.
-4.917188523757482	-1.3118324951252133e-11	3.009185020755616e-21	1.
-4.912226678627555	-1.334245341586123e-11	3.112636364483112e-21	1.
-4.907264833497628	-1.3570401877291872e-11	3.2196376084392033e-21	1.
-4.902302988367702	-1.380223535094967e-11	3.3303071419412368e-21	1.
-4.897341143237775	-1.4038019926935219e-11	3.4448023861593375e-21	1.
-4.892379298107848	-1.4277822815694348e-11	3.5632183151727446e-21	1.
-4.887417452977921	-1.4521712391589775e-11	3.6856971865660554e-21	1.
-4.882455607847994	-1.4769758178280622e-11	3.812385115379206e-21	1.
-4.877493762718068	-1.50220308680193e-11	3.9434257071083976e-21	1.
-4.87253191758814	-1.5278602386693073e-11	4.078958556852944e-21	1.
-4.867570072458213	-1.5539545857670077e-11	4.219154873750416e-21	1.
-4.862608227328288	-1.5804935621606457e-11	4.364157367768964e-21	1.
-4.857646382198361	-1.607484740090632e-11	4.514141127279256e-21	1.
-4.852684537068433	-1.6349358031556128e-11	4.6692826665827475e-21	1.
-4.847722691938507	-1.6628545772120116e-11	4.829743325792111e-21	1.
-4.84276084680858	-1.6912490174571983e-11	4.995717877403613e-21	1.
-4.837799001678652	-1.7201272144652812e-11	5.167372580417957e-21	1.
-4.832837156548726	-1.74949739824368e-11	5.344957524521447e-21	1.
-4.827875311418799	-1.7793679351874482e-11	5.52861931949382e-21	1.
-4.822913466288873	-1.8097473356718453e-11	5.718590413054538e-21	1.
-4.817951621158946	-1.8406442563585777e-11	5.915084338445588e-21	1.
-4.812989776029019	-1.8720674955114918e-11	6.11832623670099e-21	1.
-4.808027930899092	-1.9040260067876568e-11	6.3285352974194665e-21	1.
-4.803066085769165	-1.9365288930054985e-11	6.545970959888046e-21	1.
-4.798104240639238	-1.9695854154443533e-11	6.770858862076599e-21	1.
-4.793142395509311	-2.0032049853692812e-11	7.003476245415203e-21	1.
-4.788180550379384	-2.0373971785958976e-11	7.244073745170722e-21	1.
-4.783218705249459	-2.0721717371352606e-11	7.492929140818935e-21	1.
-4.778256860119531	-2.1075385597795494e-11	7.750342656794291e-21	1.
-4.773295014989604	-2.143507719767673e-11	8.016583677922467e-21	1.
-4.768333169859678	-2.180089459270504e-11	8.291943091105565e-21	1.
-4.763371324729751	-2.2172941969589126e-11	8.576788705528817e-21	1.
-4.758409479599823	-2.2551325234866824e-11	8.871389542660794e-21	1.
-4.753447634469897	-2.2936152160221543e-11	9.17611451752697e-21	1.
-4.748485789339971	-2.332753229874986e-11	9.491288090082344e-21	1.
-4.743523944210044	-2.3725577033902047e-11	9.817283562564976e-21	1.
-4.7385620990801165	-2.413039972602942e-11	1.0154451478216686e-20	1.
-4.73360025395019	-2.4542115673901686e-11	1.0503213031937039e-20	1.
-4.728638408820263	-2.4960841983959635e-11	1.0863947182092095e-20	1.
-4.7236765636903355	-2.5386697886937564e-11	1.123705122966213e-20	1.
-4.718714718560409	-2.581980460866684e-11	1.1623018248085938e-20	1.
-4.713752873430482	-2.626028540937206e-11	1.2022105652110973e-20	1.
-4.708791028300556	-2.670826566651964e-11	1.2434954518699389e-20	1.
-4.703829183170629	-2.716387287793805e-11	1.2861965949255448e-20	1.
-4.698867338040702	-2.762723671198455e-11	1.3303640681656273e-20	1.
-4.693905492910775	-2.8098489031052107e-11	1.3760435100269422e-20	1.
-4.688943647780849	-2.857776390503726e-11	1.4232952515493637e-20	1.
-4.683981802650921	-2.9065197803354954e-11	1.472166301684506e-20	1.
-4.679019957520994	-2.956092935226002e-11	1.5227147122376653e-20	1.
-4.674058112391068	-3.006509959901387e-11	1.5749956111569914e-20	1.
-4.669096267261141	-3.0577852089557436e-11	1.629072550608532e-20	1.
-4.664134422131214	-3.1099332605939555e-11	1.685003089196413e-20	1.
-4.6591725770012875	-3.1629689551318146e-11	1.742853298292061e-20	1.
-4.654210731871361	-3.2169073826766336e-11	1.802689115410434e-20	1.
-4.649248886741433	-3.271763883451819e-11	1.864578665740293e-20	1.
-4.6442870416115065	-3.3275540681570256e-11	1.9285889813344757e-20	1.
-4.63932519648158	-3.3842938024412115e-11	1.9947962550941395e-20	1.
-4.634363351351652	-3.441999229903832e-11	2.063274058936667e-20	1.
-4.629401506221726	-3.5006867613750706e-11	2.1341015196539903e-20	1.
-4.6244396610918	-3.560373081960596e-11	2.2073597834462662e-20	1.
-4.619477815961873	-3.6210751842671687e-11	2.283132840839606e-20	1.
-4.614515970831945	-3.682810319703453e-11	2.3614988802244897e-20	1.
-4.609554125702019	-3.7455960510388235e-11	2.4425591856941067e-20	1.
-4.604592280572092	-3.8094502276922494e-11	2.5263942929364922e-20	1.
-4.599630435442165	-3.874391018873131e-11	2.6131090201674617e-20	1.
-4.594668590312239	-3.940436882224342e-11	2.702799358912773e-20	1.
-4.589706745182312	-4.007606601489461e-11	2.795579200953561e-20	1.
-4.584744900052385	-4.075919274930949e-11	2.8915099242183e-20	1.
-4.5797830549224585	-4.145394322882587e-11	2.990740478397057e-20	1.
-4.574821209792531	-4.216051510376135e-11	3.093388732003361e-20	1.
-4.569859364662604	-4.287910916114444e-11	3.199550775447419e-20	1.
-4.5648975195326775	-4.3609929717464154e-11	3.3093530391649034e-20	1.
-4.559935674402751	-4.435318454571938e-11	3.422921270033451e-20	1.
-4.554973829272824	-4.510908493953702e-11	3.540384187037981e-20	1.
-4.550011984142897	-4.58778457789827e-11	3.661878198761246e-20	1.
-4.545050139012971	-4.6659685581489685e-11	3.7875361070432685e-20	1.
-4.540088293883044	-4.7454826660108374e-11	3.917502291348176e-20	1.
-4.535126448753116	-4.82634949302701e-11	4.051921836107044e-20	1.
-4.53016460362319	-4.9085920317451736e-11	4.1909614605093193e-20	1.
-4.525202758493263	-4.9922336532386424e-11	4.334762092251295e-20	1.
-4.520240913363336	-5.07729813056244e-11	4.483495666281912e-20	1.
-4.51527906823341	-5.1638096395984983e-11	4.6373292719580516e-20	1.
-4.510317223103483	-5.2517927663308426e-11	4.796436135890739e-20	1.
-4.505355377973556	-5.341272511708288e-11	4.9610032654597235e-20	1.
-4.5003935328436295	-5.432274313046503e-11	5.131208206352202e-20	1.
-4.495431687713702	-5.524824019359642e-11	5.307254413000521e-20	1.
-4.490469842583775	-5.618947935168123e-11	5.48932985794278e-20	1.
-4.4855079974538485	-5.714672795104405e-11	5.677654708171584e-20	1.
-4.480546152323922	-5.812025823527515e-11	5.872435302698969e-20	1.
-4.475584307193995	-5.911034645208411e-11	6.073886241831449e-20	1.
-4.4706224620640675	-6.011727431124722e-11	6.282255409541341e-20	1.
-4.465660616934142	-6.114132757535683e-11	6.497764335985252e-20	1.
-4.460698771804214	-6.21827972970542e-11	6.72065886228687e-20	1.
-4.4557369266742874	-6.324197933020394e-11	6.951197092560885e-20	1.
-4.450775081544361	-6.431917453768576e-11	7.189613400989145e-20	1.
-4.445813236414434	-6.541468904369148e-11	7.436256100414894e-20	1.
-4.440851391284507	-6.652883392729905e-11	7.691330588091523e-20	1.
-4.43588954615458	-6.766192570764267e-11	7.955144488996416e-20	1.
-4.430927701024653	-6.881428625775319e-11	8.228004484538314e-20	1.
-4.425965855894727	-6.998624281956259e-11	8.510217549355393e-20	1.
-4.4210040107648	-7.1178128349261e-11	8.802108700437357e-20	1.
-4.416042165634873	-7.239028133045048e-11	9.103998511469215e-20	1.
-4.411080320504946	-7.362304596063152e-11	9.416248869764342e-20	1.
-4.4061184753750195	-7.487677253299435e-11	9.739183868179709e-20	1.
-4.401156630245093	-7.615181692784273e-11	1.0073205597840368e-19	1.
-4.396194785115165	-7.744854131752861e-11	1.041866911696943e-19	1.
-4.391232939985239	-7.876731391411176e-11	1.0775970681556903e-19	1.
-4.386271094855312	-8.010850922719089e-11	1.114553071986621e-19	1.
-4.381309249725385	-8.147250808501138e-11	1.1527744784058357e-19	1.
-4.3763474045954585	-8.285969781349739e-11	1.1923068980042852e-19	1.
-4.371385559465531	-8.427047235306306e-11	1.233192107174356e-19	1.
-4.366423714335605	-8.570523204711875e-11	1.275482263359186e-19	1.
-4.361461869205678	-8.716438462721249e-11	1.3192194906949928e-19	1.
-4.356500024075751	-8.8648343920627e-11	1.3644560272671783e-19	1.
-4.351538178945824	-9.015753173150728e-11	1.4112493513885348e-19	1.
-4.346576333815897	-9.169237628450864e-11	1.4596351146333498e-19	1.
-4.341614488685971	-9.325331321394894e-11	1.5096830873917884e-19	1.
-4.336652643556044	-9.484078582760236e-11	1.5614492893934612e-19	1.
-4.331690798426116	-9.645524465966229e-11	1.6149861937715539e-19	1.
-4.326728953296191	-9.809714804384889e-11	1.6703610026367246e-19	1.
-4.321767108166263	-9.976696205551169e-11	1.7276343869600918e-19	1.
-4.316805263036336	-1.0146516068079578e-10	1.7868657970934864e-19	1.
-4.31184341790641	-1.0319222590804079e-10	1.848130399703745e-19	1.
-4.306881572776483	-1.0494864811959626e-10	1.9114893067053499e-19	1.
-4.301919727646556	-1.0673492551069871e-10	1.9770243415864215e-19	1.
-4.296957882516629	-1.0855156545921543e-10	2.0448083386179482e-19	1.
-4.291996037386702	-1.1039908324529017e-10	2.1149089950627854e-19	1.
-4.287034192256775	-1.1227800336723126e-10	2.187413043720333e-19	1.
-4.2820723471268485	-1.1418885893954277e-10	2.262404266317836e-19	1.
-4.277110501996922	-1.161321924626867e-10	2.3399594517660367e-19	1.
-4.272148656866995	-1.1810855524389787e-10	2.420177513464081e-19	1.
-4.267186811737068	-1.2011850822924218e-10	2.5031144903051285e-19	1.
-4.262224966607142	-1.2216262160323113e-10	2.58894948019794e-19	1.
-4.257263121477214	-1.2424147559476934e-10	2.677688949905786e-19	1.
-4.252301276347287	-1.263556600679382e-10	2.769485584951562e-19	1.
-4.247339431217361	-1.285057749015878e-10	2.864418326229674e-19	1.
-4.242377586087434	-1.3069243009384127e-10	2.9626024683005737e-19	1.
-4.237415740957507	-1.3291624604954342e-10	3.0641559809645556e-19	1.
-4.232453895827581	-1.3517785404429532e-10	3.1691885762897853e-19	1.
-4.227492050697654	-1.3747789520663476e-10	3.2778111318916015e-19	1.
-4.222530205567726	-1.3981702249896544e-10	3.390164749226066e-19	1.
-4.2175683604378	-1.421958994519869e-10	3.506358473106162e-19	1.
-4.212606515307873	-1.4461520080350534e-10	3.626526633128417e-19	1.
-4.207644670177946	-1.470756132533972e-10	3.7508358068198784e-19	1.
-4.2026828250480195	-1.4957783415153294e-10	3.8793919439909644e-19	1.
-4.197720979918093	-1.52122573767935e-10	4.0123533439341105e-19	1.
-4.192759134788166	-1.547105539422904e-10	4.149864748096804e-19	1.
-4.187797289658239	-1.573425086640013e-10	4.2920894102142285e-19	1.
-4.182835444528312	-1.600191845820162e-10	4.439187570587174e-19	1.
-4.177873599398385	-1.6274134086169193e-10	4.591323643076722e-19	1.
-4.172911754268458	-1.6550974975883787e-10	4.748671726636946e-19	1.
-4.167949909138532	-1.6832519614729992e-10	4.911409176451836e-19	1.
-4.162988064008605	-1.7118847892841397e-10	5.0797237391231885e-19	1.
-4.158026218878678	-1.741004097754852e-10	5.253800132006186e-19	1.
-4.153064373748752	-1.7706181528554448e-10	5.433840730182687e-19	1.
-4.148102528618825	-1.8007353465167012e-10	5.6200511734870305e-19	1.
-4.143140683488897	-1.83136421996392e-10	5.812639237228742e-19	1.
-4.138178838358971	-1.8625134658791442e-10	6.011820580494549e-19	1.
-4.133216993229044	-1.8941919111708313e-10	6.217826835735312e-19	1.
-4.128255148099117	-1.9264085415492468e-10	6.430888561078473e-19	1.
-4.1232933029691905	-1.9591724924587912e-10	6.651249336511853e-19	1.
-4.118331457839264	-1.9924930553771198e-10	6.879154379759596e-19	1.
-4.113369612709337	-2.0263796774641982e-10	7.114871533125246e-19	1.
-4.1084077675794095	-2.0608419692213807e-10	7.358658549649271e-19	1.
-4.103445922449483	-2.0958896998788675e-10	7.610796240502558e-19	1.
-4.098484077319556	-2.131532809541436e-10	7.871568046392289e-19	1.
-4.093522232189629	-2.167781401122826e-10	8.141301041662364e-19	1.
-4.088560387059703	-2.2046457551047406e-10	8.4202122688355e-19	1.
-4.083598541929775	-2.2421363225182909e-10	8.708712458685104e-19	1.
-4.078636696799849	-2.280263732552444e-10	9.007086934978551e-19	1.
-4.073674851669923	-2.3190387939617884e-10	9.315683602132558e-19	1.
-4.068713006539995	-2.358472499941206e-10	9.634854313186283e-19	1.
-4.063751161410068	-2.3985760296701383e-10	9.964927596476488e-19	1.
-4.058789316280142	-2.4393607524578336e-10	1.0306341461010543e-18	1.
-4.053827471150215	-2.480838230181729e-10	1.0659432524811362e-18	1.
-4.048865626020288	-2.52302022037756e-10	1.1024614027238618e-18	1.
-4.043903780890361	-2.5659186813512885e-10	1.1402300647235011e-18	1.
-4.038941935760435	-2.6095457716255114e-10	1.1792926391679346e-18	1.
-4.033980090630507	-2.653913859507047e-10	1.2196926723027063e-18	1.
-4.0290182455005805	-2.6990355189292225e-10	1.2614773853942018e-18	1.
-4.024056400370654	-2.7449235441255013e-10	1.3046907646479637e-18	1.
-4.019094555240726	-2.791590937315935e-10	1.349385074835772e-18	1.
-4.0141327101108	-2.8390509265267346e-10	1.3956081968695918e-18	1.
-4.009170864980874	-2.8873169669936264e-10	1.4434169464658025e-18	1.
-4.004209019850947	-2.9364027333341255e-10	1.4928617771381604e-18	1.
-3.99924717472102	-2.986322139558962e-10	1.5439947744984979e-18	1.
-3.994285329591093	-3.037089335396493e-10	1.5968884398344005e-18	1.
-3.989323484461166	-3.0887187062151306e-10	1.651587731769475e-18	1.
-3.9843616393312393	-3.1412248832344777e-10	1.708161196569137e-18	1.
-3.9793997942013126	-3.194622747511574e-10	1.7666723199906077e-18	1.
-3.9744379490713855	-3.2489274333232476e-10	1.82718508140208e-18	1.
-3.9694761039414588	-3.3041543278924537e-10	1.8897701273703975e-18	1.
-3.9645142588115325	-3.3603190778552273e-10	1.9545003299593332e-18	1.
-3.9595524136816054	-3.417437607396041e-10	2.0214442063757253e-18	1.
-3.9545905685516782	-3.475526094745178e-10	2.0906820977510395e-18	1.
-3.9496287234217515	-3.534601002324864e-10	2.1622886766316885e-18	1.
-3.9446668782918244	-3.594679070812961e-10	2.2363472593729015e-18	1.
-3.939705033161898	-3.655777320270214e-10	2.3129429749157694e-18	1.
-3.934743188031971	-3.717913063011928e-10	2.392154906819984e-18	1.
-3.929781342902044	-3.781103909892931e-10	2.474090059465e-18	1.
-3.9248194977721176	-3.8453677593219037e-10	2.5588239601535067e-18	1.
-3.919857652642191	-3.9107228193907296e-10	2.646460606779624e-18	1.
-3.9148958075122637	-3.977187609068254e-10	2.737096498182391e-18	1.
-3.909933962382337	-4.044780960241143e-10	2.830836884537145e-18	1.
-3.90497211725241	-4.1135220131001153e-10	2.9277843920845463e-18	1.
-3.900010272122483	-4.183430254272656e-10	3.02805525653409e-18	1.
-3.8950484269925565	-4.2545254884345023e-10	3.1317530663672982e-18	1.
-3.8900865818626293	-4.3268278509517033e-10	3.2390046610186214e-18	1.
-3.885124736732703	-4.400357826003413e-10	3.3499272778019986e-18	1.
-3.880162891602776	-4.475136243813044e-10	3.4646458224770283e-18	1.
-3.8752010464728492	-4.551184287922291e-10	3.583293578473213e-18	1.
-3.870239201342922	-4.628523503029651e-10	3.706000702083044e-18	1.
-3.8652773562129954	-4.707175790179598e-10	3.832911341873132e-18	1.
-3.8603155110830687	-4.787163437761457e-10	3.96416511829755e-18	1.
-3.855353665953142	-4.868509098107391e-10	4.0999075527037565e-18	1.
-3.850391820823215	-4.951235814476528e-10	4.2403084582091654e-18	1.
-3.8454299756932886	-5.035367018102094e-10	4.385510535802813e-18	1.
-3.8404681305633614	-5.120926537208437e-10	4.535679437949803e-18	1.
-3.8355062854334347	-5.207938610329478e-10	4.690995932914021e-18	1.
-3.8305444403035076	-5.296427878810047e-10	4.8516218250660326e-18	1.
-3.825582595173581	-5.386419405545114e-10	5.017748245492642e-18	1.
-3.820620750043654	-5.477938673949646e-10	5.189559141951092e-18	1.
-3.815658904913727	-5.571011622145243e-10	5.3672546639497e-18	1.
-3.8106970597838004	-5.66566458920792e-10	5.551032688533911e-18	1.
-3.8057352146538737	-5.761924391060952e-10	5.7410888235270455e-18	1.
-3.800773369523947	-5.859818287912962e-10	5.9376758114118064e-18	1.
-3.79581152439402	-5.959374000738504e-10	6.1409792590270944e-18	1.
-3.790849679264093	-6.060619729259968e-10	6.3512385214053064e-18	1.
-3.785887834134166	-6.163584140355547e-10	6.568699767738465e-18	1.
-3.7809259890042397	-6.268296392839016e-10	6.793599523225025e-18	1.
-3.7759641438743126	-6.374786142851545e-10	7.026200714086238e-18	1.
-3.7710022987443863	-6.483083534767855e-10	7.266740295297104e-18	1.
-3.766040453614459	-6.593219252744479e-10	7.515555741869402e-18	1.
-3.7610786084845325	-6.705224470831415e-10	7.77286826921519e-18	1.
-3.7561167633546053	-6.819130900351104e-10	8.038979079792682e-18	1.
-3.751154918224678	-6.934970815638495e-10	8.314176187032897e-18	1.
-3.7461930730947515	-7.052777002665591e-10	8.598852048962355e-18	1.
-3.741231227964825	-7.172582817322887e-10	8.89324367576988e-18	1.
-3.736269382834898	-7.29442218184475e-10	9.197699857127614e-18	1.
-3.7313075377049714	-7.41832959966671e-10	9.512591529154487e-18	1.
-3.7263456925750447	-7.544340147753966e-10	9.838252607152598e-18	1.
-3.7213838474451175	-7.672489512850544e-10	1.0175058280211152e-17	1.
-3.716422002315191	-7.802813955312706e-10	1.0523389374976663e-17	1.
-3.7114601571852637	-7.93535039465897e-10	1.0883650862701577e-17	1.
-3.706498312055337	-8.070136347104892e-10	1.12562351269734e-17	1.
-3.7015364669254103	-8.207209974516294e-10	1.164157158644296e-17	1.
-3.6965746217954836	-8.346610074062063e-10	1.2040098655061682e-17	1.
-3.691612776665557	-8.48837611612444e-10	1.2452260755663026e-17	1.
-3.68665093153563	-8.632548246880366e-10	1.2878525417571243e-17	1.
-3.681689086405703	-8.77916726264699e-10	1.3319384395257215e-17	1.
-3.676727241275776	-8.928274676546695e-10	1.3775293561432711e-17	1.
-3.671765396145849	-9.079912699952931e-10	1.4246875268829738e-17	1.
-3.6668035510159225	-9.234124259720442e-10	1.4734563893260095e-17	1.
-3.661841705885996	-9.39095299683855e-10	1.5238921335407264e-17	1.
-3.656879860756069	-9.55044332456026e-10	1.5760569178381468e-17	1.
-3.6519180156261424	-9.712640378243783e-10	1.6300056682352528e-17	1.
-3.6469561704962152	-9.877590072588093e-10	1.6858009161645076e-17	1.
-3.6419943253662885	-1.0045339097339453e-9	1.743503708919259e-17	1.
-3.6370324802363614	-1.021593493325001e-9	1.803183428083659e-17	1.
-3.6320706351064347	-1.038942586851543e-9	1.864908639573729e-17	1.
-3.627108789976508	-1.0565861014160517e-9	1.9287370564676922e-17	1.
-3.6221469448465813	-1.0745290301791585e-9	1.994752731227262e-17	1.
-3.6171850997166546	-1.0927764520890257e-9	2.063030676217633e-17	1.
-3.612223254586728	-1.111333531339071e-9	2.1336376656971515e-17	1.
-3.6072614094568007	-1.1302055209323716e-9	2.2066729813396417e-17	1.
-3.602299564326874	-1.1493977618935233e-9	2.2822008236583533e-17	1.
-3.597337719196947	-1.1689156847378663e-9	2.360313602639924e-17	1.
-3.5923758740670197	-1.1887648149929334e-9	2.441099089377948e-17	1.
-3.5874140289370935	-1.208950769564986e-9	2.5246486947437635e-17	1.
-3.5824521838071663	-1.2294792598808006e-9	2.611058324863035e-17	1.
-3.57749033867724	-1.2503560993494688e-9	2.7004274398448042e-17	1.
-3.572528493547313	-1.271587193682183e-9	2.792845694737311e-17	1.
-3.5675666484173862	-1.2931785507042366e-9	2.8884309554228706e-17	1.
-3.562604803287459	-1.3151362812404614e-9	2.987286916685375e-17	1.
-3.5576429581575324	-1.3374665988915994e-9	3.089524242873477e-17	1.
-3.5526811130276053	-1.3601758233147618e-9	3.1952629591459594e-17	1.
-3.547719267897679	-1.3832703806668728e-9	3.3046162168486027e-17	1.
-3.542757422767752	-1.4067568049622832e-9	3.417712804932104e-17	1.
-3.5377955776378256	-1.430641744243888e-9	3.534679531435124e-17	1.
-3.5328337325078984	-1.454931955662784e-9	3.655647764814431e-17	1.
-3.5278718873779713	-1.479634314063326e-9	3.780755973434507e-17	1.
-3.5229100422480446	-1.5047558060434512e-9	3.910141623414603e-17	1.
-3.5179481971181175	-1.5303035437682633e-9	4.0439565544089004e-17	1.
-3.5129863519881908	-1.5562847525704205e-9	4.182352015413495e-17	1.
-3.508024506858264	-1.5827067862512534e-9	4.325474600355223e-17	1.
-3.5030626617283374	-1.6095771201097066e-9	4.473499313392627e-17	1.
-3.4981008165984107	-1.6369033571238592e-9	4.6265892637930786e-17	1.
-3.493138971468484	-1.6646932282355225e-9	4.7849161155913066e-17	1.
-3.488177126338557	-1.692954595650727e-9	4.9486614428876806e-17	1.
-3.48321528120863	-1.7216954566791854e-9	5.117997106791969e-17	1.
-3.478253436078703	-1.7509239429073642e-9	5.293143212460577e-17	1.
-3.4732915909487767	-1.7806483222347217e-9	5.474274933294841e-17	1.
-3.4683297458188496	-1.8108770052733535e-9	5.661603476300868e-17	1.
-3.4633679006889233	-1.8416185435118799e-9	5.855338761048673e-17	1.
-3.458406055558996	-1.8728816345422997e-9	6.055705755125336e-17	1.
-3.4534442104290695	-1.9046751221800464e-9	6.262924556802941e-17	1.
-3.4484823652991423	-1.9370080021548683e-9	6.477237841430666e-17	1.
-3.4435205201692156	-1.9698894203444467e-9	6.698875039061647e-17	1.
-3.4385586750392885	-2.003328678735584e-9	6.928108876734255e-17	1.
-3.433596829909362	-2.037335237376891e-9	7.165160886423033e-17	1.
-3.428634984779435	-2.071918716097654e-9	7.41033524671772e-17	1.
-3.4236731396495084	-2.1070888969790476e-9	7.663900538599666e-17	1.
-3.4187112945195817	-2.1428557307549892e-9	7.926127890092659e-17	1.
-3.4137494493896545	-2.179229334654602e-9	8.197339303340345e-17	1.
-3.408787604259728	-2.216219997036141e-9	8.47782424515455e-17	1.
-3.4038257591298007	-2.253838181928321e-9	8.767907346685888e-17	1.
-3.3988639139998735	-2.2920945293996755e-9	9.067910578572299e-17	1.
-3.3939020688699473	-2.330999861008812e-9	9.378177760731601e-17	1.
-3.38894022374002	-2.3705651818828244e-9	9.699060850648639e-17	1.
-3.383978378610094	-2.4108016809675296e-9	1.0030915918155057e-16	1.
-3.379016533480167	-2.451720743575765e-9	1.0374119931852394e-16	1.
-3.37405468835024	-2.493333939725955e-9	1.0729068115093648e-16	1.
-3.3690928432203133	-2.535653040462828e-9	1.10961620149417e-16	1.
-3.364130998090386	-2.5786900152299393e-9	1.1475811591700873e-16	1.
-3.3591691529604595	-2.6224570362058413e-9	1.186843948532835e-16	1.
-3.354207307830533	-2.666966483434148e-9	1.2274503709812399e-16	1.
-3.3492454627006056	-2.712230942518368e-9	1.2694464212845608e-16	1.
-3.3442836175706794	-2.758263218297037e-9	1.3128779509486095e-16	1.
-3.3393217724407522	-2.8050763268706272e-9	1.3577959879517787e-16	1.
-3.3343599273108255	-2.852683510546232e-9	1.4042503419492655e-16	1.
-3.3293980821808984	-2.9010982313199143e-9	1.452293338140167e-16	1.
-3.3244362370509717	-2.95033417843801e-9	1.50198081063574e-16	1.
-3.3194743919210445	-3.0004052862120503e-9	1.5533682921135552e-16	1.
-3.3145125467911183	-3.0513257050766906e-9	1.6065096675323149e-16	1.
-3.309550701661191	-3.103109838255879e-9	1.6614712768257278e-16	1.
-3.304588856531265	-3.1557723294625725e-9	1.7183124943367061e-16	1.
-3.2996270114013377	-3.2093280719962933e-9	1.7770978753323643e-16	1.
-3.2946651662714106	-3.2637922076795666e-9	1.8378936830258678e-16	1.
-3.289703321141484	-3.3191801456602703e-9	1.9007699414368623e-16	1.
-3.2847414760115567	-3.3755075410782964e-9	1.9657959554820442e-16	1.
-3.27977963088163	-3.4327903256326544e-9	2.0330466451399418e-16	1.
-3.2748177857517033	-3.491044693569387e-9	2.1025963553407523e-16	1.
-3.2698559406217766	-3.5502871196437694e-9	2.1745270324359951e-16	1.
-3.26489409549185	-3.610534359156971e-9	2.2489156079030364e-16	1.
-3.2599322503619232	-3.6718034426282184e-9	2.3258493935520883e-16	1.
-3.254970405231996	-3.734111694745671e-9	2.4054170226972134e-16	1.
-3.2500085601020694	-3.797476737183763e-9	2.487701372190744e-16	1.
-3.2450467149721423	-3.861916483004164e-9	2.57280191802926e-16	1.
-3.240084869842216	-3.92744915347588e-9	2.6608135428632768e-16	1.
-3.235123024712289	-3.994093276281652e-9	2.7518341341937434e-16	1.
-3.2301611795823626	-4.061867694915753e-9	2.8459694215531614e-16	1.
-3.2251993344524355	-4.130791574016351e-9	2.9433231177469014e-16	1.
-3.2202374893225088	-4.200884397523594e-9	3.0440066506698756e-16	1.
-3.2152756441925816	-4.272165984257505e-9	3.1481335407765635e-16	1.
-3.2103137990626545	-4.344656485738719e-9	3.255820612160074e-16	1.
-3.2053519539327278	-4.418376398353199e-9	3.3671921955874007e-16	1.
-3.200390108802801	-4.493346561925403e-9	3.4823701827082805e-16	1.
-3.1954282636728744	-4.569588174598134e-9	3.6014912878762926e-16	1.
-3.1904664185429477	-4.647122788294911e-9	3.724684614047736e-16	1.
-3.185504573413021	-4.725972318411651e-9	3.852086949648918e-16	1.
-3.180542728283094	-4.806159069174553e-9	3.9838454027437425e-16	1.
-3.175580883153167	-4.887705696781746e-9	4.1201212102745457e-16	1.
-3.17061903802324	-4.970635257911937e-9	4.261048656625559e-16	1.
-3.1656571928933133	-5.0549711960367894e-9	4.406798861290507e-16	1.
-3.1606953477633866	-5.1407373522446854e-9	4.557530682544709e-16	1.
-3.1557335026334594	-5.227957968745946e-9	4.713419371738519e-16	1.
-3.150771657503533	-5.316657706951504e-9	4.874638364821806e-16	1.
-3.1458098123736065	-5.4068616344190405e-9	5.04136970911978e-16	1.
-3.1408479672436793	-5.498595252360297e-9	5.213804599572036e-16	1.
-3.135886122113752	-5.591884492981102e-9	5.392131189630502e-16	1.
-3.1309242769838255	-5.6867557119932e-9	5.576562132361129e-16	1.
-3.1259624318538983	-5.783235749621937e-9	5.767298077473601e-16	1.
-3.121000586723972	-5.881351858825594e-9	5.964554392605464e-16	1.
-3.116038741594045	-5.981131778899787e-9	6.168560241459293e-16	1.
-3.1110768964641187	-6.082603710469338e-9	6.379539828389242e-16	1.
-3.1061150513341915	-6.1857963361476905e-9	6.597730791902165e-16	1.
-3.101153206204265	-6.290738820777999e-9	6.823387378460786e-16	1.
-3.0961913610743377	-6.397460827531693e-9	7.056755774017293e-16	1.
-3.091229515944411	-6.505992516581924e-9	7.298107734547067e-16	1.
-3.086267670814484	-6.616364567747459e-9	7.547711221290216e-16	1.
-3.081305825684557	-6.728608165808274e-9	7.80584969940039e-16	1.
-3.0763439805546304	-6.842755038547222e-9	8.072820214606631e-16	1.
-3.071382135424704	-6.958837454420955e-9	8.348910868234237e-16	1.
-3.066420290294777	-7.0768882029060826e-9	8.634451574216237e-16	1.
-3.06145844516485	-7.1969406681194575e-9	8.929740936496173e-16	1.
-3.056496600034923	-7.319028752092083e-9	9.235144502947873e-16	1.
-3.051534754904996	-7.443186981611943e-9	9.550973606848034e-16	1.
-3.04657290977507	-7.56945043247921e-9	9.877614323953744e-16	1.
-3.0416110646451426	-7.697854785306596e-9	1.0215415802729715e-15	1.
-3.0366492195152164	-7.828436327339928e-9	1.0564775278923175e-15	1.
-3.0316873743852892	-7.961231960128295e-9	1.0926076847788429e-15	1.
-3.0267255292553625	-8.096279207129441e-9	1.1299720453829694e-15	1.
-3.0217636841254354	-8.233616236370764e-9	1.1686159523149123e-15	1.
-3.0168018389955087	-8.373281850254751e-9	1.2085800614798463e-15	1.
-3.0118399938655815	-8.51531552267218e-9	1.249910773530401e-15	1.
-3.0068781487356553	-8.659757368565375e-9	1.2926560337263619e-15	1.
-3.001916303605728	-8.80664821726555e-9	1.3368598778200582e-15	1.
-2.996954458475802	-8.956029577646607e-9	1.3825756775578914e-15	1.
-2.9919926133458747	-9.107943637238883e-9	1.4298563303085123e-15	1.
-2.987030768215948	-9.262433353088599e-9	1.4787503716378387e-15	1.
-2.982068923086021	-9.419542352208086e-9	1.5293194841934503e-15	1.
-2.9771070779560938	-9.579315028245484e-9	1.5816152161927399e-15	1.
-2.972145232826167	-9.741796521529766e-9	1.6357010482592233e-15	1.
-2.9671833876962403	-9.90703274637507e-9	1.6916342980301517e-15	1.
-2.9622215425663136	-1.0075070379756364e-8	1.749479928083773e-15	1.
-2.957259697436387	-1.024595690322382e-8	1.809303603479392e-15	1.
-2.9522978523064602	-1.041974058333141e-8	1.8711722904398897e-15	1.
-2.947336007176533	-1.0596470528610272e-8	1.9351558888918003e-15	1.
-2.9423741620466064	-1.0776196673891941e-8	2.001325963704744e-15	1.
-2.9374123169166793	-1.0958969764718022e-8	2.0697610071498556e-15	1.
-2.932450471786752	-1.1144841468180336e-8	2.140539429588842e-15	1.
-2.927488626656826	-1.1333864281010622e-8	2.213726454134212e-15	1.
-2.9225267815268987	-1.1526091595074407e-8	2.2894195393633547e-15	1.
-2.9175649363969725	-1.1721577718992416e-8	2.3677029753623365e-15	1.
-2.9126030912670458	-1.1920377872336655e-8	2.4486619762869117e-15	1.
-2.9076412461371186	-1.2122548208914984e-8	2.5323868109176053e-15	1.
-2.9026794010071915	-1.2328145842725038e-8	2.6189700581105835e-15	1.
-2.8977175558772648	-1.2537228858690501e-8	2.7085239675800715e-15	1.
-2.8927557107473376	-1.2749856302937842e-8	2.8011326901784006e-15	1.
-2.8877938656174114	-1.2966088229733588e-8	2.8969082235636096e-15	1.
-2.882832020487484	-1.318598572964079e-8	2.9959582267234167e-15	1.
-2.877870175357558	-1.3409610902533769e-8	3.0983921058969024e-15	1.
-2.872908330227631	-1.3637026923256186e-8	3.204328237069736e-15	1.
-2.867946485097704	-1.3868298006189276e-8	3.3138886538566354e-15	1.
-2.862984639967777	-1.41034894867717e-8	3.427187306102829e-15	1.
-2.8580227948378503	-1.4342667789130527e-8	3.544361777856599e-15	1.
-2.853060949707923	-1.4585900461458011e-8	3.665544928326606e-15	1.
-2.848099104577997	-1.4833256197181569e-8	3.790868147817577e-15	1.
-2.84313725944807	-1.5084804849181658e-8	3.9204749024674404e-15	1.
-2.8381754143181435	-1.5340617472345645e-8	4.054509182243863e-15	1.
-2.8332135691882163	-1.5600766309473126e-8	4.1931296127367956e-15	1.
-2.828251724058289	-1.5865324819905484e-8	4.336483110766376e-15	1.
-2.8232898789283625	-1.613436770540445e-8	4.4847356484963116e-15	1.
-2.8183280337984353	-1.6407970960646202e-8	4.638064831266233e-15	1.
-2.813366188668509	-1.6686211839201697e-8	4.796629043450757e-15	1.
-2.808404343538582	-1.6969168917379667e-8	4.960611814132e-15	1.
-2.8034424984086557	-1.725692208298152e-8	5.130201104439196e-15	1.
-2.7984806532787285	-1.7549552602974536e-8	5.30558575634478e-15	1.
-2.793518808148802	-1.784714309838704e-8	5.486967259517369e-15	1.
-2.7885569630188747	-1.814977759160727e-8	5.674540125656725e-15	1.
-2.783595117888948	-1.8457541569630334e-8	5.868532292866215e-15	1.
-2.778633272759021	-1.8770521888319586e-8	6.069149940959649e-15	1.
-2.7736714276290946	-1.908880692624556e-8	6.276637161468656e-15	1.
-2.7687095824991674	-1.9412486559185957e-8	6.491190051594931e-15	1.
-2.763747737369241	-1.974165216415515e-8	6.713091451422514e-15	1.
-2.758785892239314	-2.007639667618914e-8	6.942575566577857e-15	1.
-2.753824047109387	-2.0416814599342114e-8	7.17990254188093e-15	1.
-2.74886220197946	-2.0763002041145895e-8	7.425335858870706e-15	1.
-2.743900356849533	-2.1115056732726856e-8	7.679159731997361e-15	1.
-2.7389385117196063	-2.147307806263277e-8	7.941663659481129e-15	1.
-2.7339766665896796	-2.183716708365333e-8	8.213123470952376e-15	1.
-2.729014821459753	-2.2207426602496373e-8	8.493864632472548e-15	1.
-2.7240529763298262	-2.258396112986997e-8	8.78421245946105e-15	1.
-2.7190911311998995	-2.2966876941115018e-8	9.084508199454389e-15	1.
-2.7141292860699724	-2.3356282131722194e-8	9.394995445017734e-15	1.
-2.7091674409400457	-2.3752286624060218e-8	9.716125690833495e-15	1.
-2.7042055958101185	-2.415500218211515e-8	1.004823207299934e-14	1.
-2.699243750680192	-2.456454248621472e-8	1.0391691511069106e-14	1.
-2.694281905550265	-2.498102311175472e-8	1.0746881380142732e-14	1.
-2.6893200604203384	-2.540456162283244e-8	1.1114209604393637e-14	1.
-2.6843582152904117	-2.5835277557636384e-8	1.14940768840818e-14	1.
-2.679396370160485	-2.6273292434709038e-8	1.1886948206553666e-14	1.
-2.674434525030558	-2.671872995195078e-8	1.2293229815736385e-14	1.
-2.6694726799006308	-2.7171715750910542e-8	1.2713397399055725e-14	1.
-2.664510834770704	-2.763237767894443e-8	1.3147911792644707e-14	1.
-2.659548989640777	-2.810084576172285e-8	1.3597284036296077e-14	1.
-2.6545871445108506	-2.857725217232673e-8	1.4062007950527589e-14	1.
-2.6496252993809235	-2.9061731344926248e-8	1.454261480268673e-14	1.
-2.644663454250997	-2.95544200115574e-8	1.503963073536502e-14	1.
-2.63970160912107	-3.005545715246452e-8	1.5553625642567696e-14	1.
-2.6347397639911434	-3.056498421158035e-8	1.6085193887743564e-14	1.
-2.6297779188612163	-3.108314489006336e-8	1.663492215158418e-14	1.
-2.62481607373129	-3.161008541855426e-8	1.7203431996321506e-14	1.
-2.619854228601363	-3.214595444778268e-8	1.779135299526842e-14	1.
-2.614892383471436	-3.2690903157655414e-8	1.839938047199968e-14	1.
-2.609930538341509	-3.3245085363544034e-8	1.902814946080456e-14	1.
-2.6049686932115828	-3.380865729498824e-8	1.9678424408726992e-14	1.
-2.6000068480816556	-3.438177805698013e-8	2.0350901486081258e-14	1.
-2.5950450029517285	-3.4964609240952525e-8	2.1046361659970876e-14	1.
-2.5900831578218018	-3.55573153024708e-8	2.176557065295265e-14	1.
-2.5851213126918755	-3.616006341697808e-8	2.250934757295845e-14	1.
-2.5801594675619484	-3.677302361986603e-8	2.3278525264490058e-14	1.
-2.575197622432021	-3.7396368779642004e-8	2.407399303691438e-14	1.
-2.5702357773020945	-3.803027475963614e-8	2.489662791328408e-14	1.
-2.565273932172168	-3.8674920318559895e-8	2.5747365371196257e-14	1.
-2.560312087042241	-3.93304872899454e-8	2.6627163094608267e-14	1.
-2.555350241912314	-3.9997160547600516e-8	2.753700346609276e-14	1.
-2.5503883967823873	-4.067512813070446e-8	2.847793376122977e-14	1.
-2.5454265516524606	-4.136458122005019e-8	2.945098537955459e-14	1.
-2.5404647065225334	-4.2065714234648246e-8	3.045730635090172e-14	1.
-2.5355028613926067	-4.277872494370457e-8	3.149795442705503e-14	1.
-2.5305410162626796	-4.350381430751897e-8	3.25741743897586e-14	1.
-2.5255791711327533	-4.42411869355157e-8	3.3687113378638355e-14	1.
-2.5206173260028266	-4.499105060871965e-8	3.483810656702284e-14	1.
-2.5156554808728995	-4.575361677897063e-8	3.6028431112299977e-14	1.
-2.5106936357429723	-4.6529100529466853e-8	3.7259379627994214e-14	1.
-2.505731790613046	-4.731772039729953e-8	3.853232244248377e-14	1.
-2.500769945483119	-4.811969876312902e-8	3.984875834392583e-14	1.
-2.4958081003531922	-4.893526173527211e-8	4.1210171989484663e-14	1.
-2.490846255223265	-4.976463918942571e-8	4.2618070315030094e-14	1.
-2.485884410093339	-5.0608064964251295e-8	4.407405320252565e-14	1.
-2.4809225649634117	-5.146577673846453e-8	4.557974773448247e-14	1.
-2.475960719833485	-5.233801636266059e-8	4.713685669326408e-14	1.
-2.470998874703558	-5.322502962281241e-8	4.874715639457366e-14	1.
-2.466037029573631	-5.4127066561616514e-8	5.041242104676614e-14	1.
-2.4610751844437044	-5.5044381386797396e-8	5.2134571580073776e-14	1.
-2.4561133393137773	-5.5977232677923726e-8	5.391546937146391e-14	1.
-2.4511514941838506	-5.692588323894712e-8	5.5757293675933594e-14	1.
-2.4461896490539243	-5.789060052006286e-8	5.766183986655979e-14	1.
-2.441227803923997	-5.8871656281809717e-8	5.963147702780865e-14	1.
-2.43626595879407	-5.986932699140255e-8	6.166839444532573e-14	1.
-2.4313041136641433	-6.088389377347735e-8	6.377484257124498e-14	1.
-2.4263422685342166	-6.191564246564037e-8	6.595322906616249e-14	1.
-2.42138042340429	-6.296486380421817e-8	6.820591040834631e-14	1.
-2.416418578274363	-6.403185335182834e-8	7.053553967163117e-14	1.
-2.4114567331444365	-6.511691173008476e-8	7.294471201889838e-14	1.
-2.4064948880145094	-6.62203445481934e-8	7.543608947053427e-14	1.
-2.4015330428845827	-6.734246269670035e-8	7.801254450996564e-14	1.
-2.3965711977546555	-6.84835822332844e-8	8.067697055165461e-14	1.
-2.3916093526247293	-6.964402457059596e-8	8.343228759318821e-14	1.
-2.386647507494802	-7.082411656260105e-8	8.628168515273861e-14	1.
-2.3816856623648754	-7.202419055242249e-8	8.922830533141242e-14	1.
-2.3767238172349483	-7.324458453695453e-8	9.227554105086416e-14	1.
-2.3717619721050216	-7.448564214832081e-8	9.542680674228526e-14	1.
-2.366800126975095	-7.574771292526082e-8	9.868560042602471e-14	1.
-2.3618382818451678	-7.703115222941756e-8	1.0205553131278077e-13	1.
-2.356876436715241	-7.833632135359771e-8	1.0554065283112379e-13	1.
-2.3519145915853144	-7.966358787723428e-8	1.0914468386865489e-13	1.
-2.3469527464553877	-8.101332537548781e-8	1.1287153420501887e-13	1.
-2.3419909013254605	-8.238591397119818e-8	1.1672568862440652e-13	1.
-2.337029056195534	-8.378173992779753e-8	1.2071135443939297e-13	1.
-2.332067211065607	-8.520119620474984e-8	1.2483297195053787e-13	1.
-2.3271053659356804	-8.664468228024105e-8	1.2909526816797996e-13	1.
-2.3221435208057533	-8.811260461041598e-8	1.3350314905869145e-13	1.
-2.3171816756758266	-8.960537614755682e-8	1.380611746187647e-13	1.
-2.3122198305459	-9.112341708865867e-8	1.4277484315228153e-13	1.
-2.307257985415973	-9.266715455111155e-8	1.4764934049977044e-13	1.
-2.302296140286046	-9.423702301160525e-8	1.526901074439766e-13	1.
-2.297334295156119	-9.583346409596858e-8	1.5790289382683977e-13	1.
-2.2923724500261926	-9.745692708573044e-8	1.6329346082224415e-13	1.
-2.287410604896266	-9.910786861221926e-8	1.6886799157973507e-13	1.
-2.2824487597663388	-1.0078675306704958e-7	1.7463268471081283e-13	1.
-2.2774869146364116	-1.0249405298938178e-7	1.8059405399087035e-13	1.
-2.2725250695064854	-1.0423024840706323e-7	1.8675861809850531e-13	1.
-2.267563224376558	-1.0599582766073075e-7	1.9313348485331062e-13	1.
-2.2626013792466315	-1.0779128733271757e-7	1.9972589628826596e-13	1.
-2.2576395341167044	-1.0961713230477807e-7	2.0654294066615562e-13	1.
-2.252677688986778	-1.1147387617256176e-7	2.135928218987545e-13	1.
-2.247715843856851	-1.1336204086484611e-7	2.2088297693067107e-13	1.
-2.2427539987269243	-1.1528215730379289e-7	2.284217692874672e-13	1.
-2.237792153596997	-1.1723476535301997e-7	2.362176845976173e-13	1.
-2.232830308467071	-1.1922041391606454e-7	2.442793183922715e-13	1.
-2.2278684633371437	-1.212396611777046e-7	2.526158853087591e-13	1.
-2.2229066182072166	-1.2329307467770452e-7	2.612368233136754e-13	1.
-2.21794477307729	-1.2538123161673718e-7	2.7015177625882594e-13	1.
-2.212982927947363	-1.2750471872331077e-7	2.7937052547070565e-13	1.
-2.2080210828174365	-1.2966413278772155e-7	2.8890355830674344e-13	1.
-2.2030592376875093	-1.31860080749094e-7	2.987616762558122e-13	1.
-2.198097392557583	-1.3409317938037274e-7	3.0895579194517846e-13	1.
-2.193135547427656	-1.3636405609312302e-7	3.194977493267083e-13	1.
-2.1881737022977292	-1.3867334897415388e-7	3.303985291516769e-13	1.
-2.183211857167802	-1.410217066122064e-7	3.416711795309963e-13	1.
-2.178250012037876	-1.4340978853230426e-7	3.533279669118273e-13	1.
-2.1732881669079487	-1.4583826552986243e-7	3.6538219228770574e-13	1.
-2.168326321778022	-1.4830781957523025e-7	3.7784723488359387e-13	1.
-2.163364476648095	-1.5081914406551513e-7	3.907370645170446e-13	1.
-2.1584026315181686	-1.5337294417391295e-7	4.040665100472955e-13	1.
-2.1534407863882414	-1.5596993671797246e-7	4.1784951114778275e-13	1.
-2.1484789412583147	-1.5861085100871452e-7	4.321026351149781e-13	1.
-2.1435170961283876	-1.612964280948835e-7	4.4684140306621246e-13	1.
-2.138555250998461	-1.6402742189630044e-7	4.620819529285413e-13	1.
-2.133593405868534	-1.668045987274864e-7	4.778422021307907e-13	1.
-2.128631560738607	-1.6962877495102225e-7	8.298664161371013e-13	1.
-2.1236697156086803	-1.7250063196542994e-7	5.109916033433291e-13	1.
-2.1187078704787536	-1.7542108650357275e-7	5.284179591279801e-13	1.
-2.113746025348827	-1.783909208140299e-7	5.464379196079457e-13	1.
-2.1087841802189	-1.8141096803705764e-7	5.650719425186024e-13	1.
-2.103822335088973	-1.8448207501232531e-7	5.843398297553985e-13	1.
-2.0988604899590464	-1.8760510297886822e-7	6.042649885617987e-13	1.
-2.0938986448291197	-1.9078092782981025e-7	6.248681633131737e-13	1.
-2.0889367996991925	-1.9401043997912652e-7	6.461731336048584e-13	1.
-2.0839749545692654	-1.9729454453760187e-7	6.682017548109247e-13	1.
-2.079013109439339	-2.0063416244873137e-7	6.909840073435393e-13	1.
-2.0740512643094124	-2.040302293831482e-7	7.145404937965262e-13	1.
-2.0690894191794853	-2.0748369743747136e-7	7.388983203314805e-13	1.
-2.064127574049558	-2.1099553390945522e-7	7.640861888181107e-13	1.
-2.059165728919632	-2.1456672313608703e-7	7.901307151406155e-13	1.
-2.0542038837897048	-2.1819826529755922e-7	8.170619433364762e-13	1.
-2.049242038659778	-2.2189117764909455e-7	8.449103397836915e-13	1.
-2.044280193529851	-2.256464945214819e-7	8.737062338680718e-13	1.
-2.0393183483999247	-2.2946526753179236e-7	9.034821987168303e-13	1.
-2.0343565032699975	-2.333485660708712e-7	9.342716920337367e-13	1.
-2.029394658140071	-2.3729747690224543e-7	9.661087859278418e-13	1.
-2.0244328130101437	-2.413131057748012e-7	9.990290049254567e-13	1.
-2.0194709678802174	-2.4539657661469317e-7	1.0330695700745043e-12	1.
-2.0145091227502903	-2.4954903212373986e-7	1.0682676465154466e-12	1.
-2.0095472776203636	-2.5377163415940363e-7	1.1046641701028525e-12	1.
-2.0045854324904364	-2.5806556405595747e-7	1.1422979530584695e-12	1.
-1.99962358736051	-2.624320230371215e-7	1.1812116141798607e-12	1.
-1.994661742230583	-2.6687223221840136e-7	1.2214497338031518e-12	1.
-1.989699897100656	-2.713874334393985e-7	1.2630554436418654e-12	1.
-1.9847380519707296	-2.7597888902158516e-7	1.3060769350494894e-12	1.
-1.9797762068408027	-2.806478827258135e-7	1.350560144368057e-12	1.
-1.9748143617108758	-2.853957193983133e-7	1.3965572678428257e-12	1.
-1.9698525165809486	-2.9022372619134864e-7	1.4441179673256202e-12	1.
-1.9648906714510224	-2.951332520578575e-7	1.4932954631872018e-12	1.
-1.9599288263210954	-3.0012566838948654e-7	1.5441432651101848e-12	1.
-1.9549669811911685	-3.0520237033317117e-7	1.596720964663811e-12	1.
-1.9500051360612414	-3.103647750909421e-7	1.6510841010989319e-12	1.
-1.9450432909313151	-3.156143251471769e-7	1.7072961348724571e-12	1.
-1.940081445801388	-3.2095248533838626e-7	1.765417464358598e-12	1.
-1.935119600671461	-3.2638074608164635e-7	1.8255135887809268e-12	1.
-1.9301577555415341	-3.3190062233599466e-7	1.8876518123685467e-12	1.
-1.9251959104116079	-3.375136545354378e-7	1.9519013092173666e-12	1.
-1.9202340652816807	-3.432214085827436e-7	2.018333607276827e-12	1.
-1.9152722201517538	-3.4902547674963787e-7	2.0870212495868944e-12	1.
-1.9103103750218269	-3.5492747760203144e-7	2.158042395401311e-12	1.
-1.9053485298919004	-3.6092905697326246e-7	2.231476155742072e-12	1.
-1.9003866847619735	-3.6703188800197326e-7	2.3074023801715423e-12	1.
-1.8954248396320466	-3.732376717667348e-7	2.3859061679080617e-12	1.
-1.8904629945021196	-3.7954813755099234e-7	2.4670749546105342e-12	1.
-1.8855011493721932	-3.859650438726406e-7	2.550998730564455e-12	1.
-1.880539304242266	-3.924901778919908e-7	2.637774944621338e-12	1.
-1.875577459112339	-3.9912535730718666e-7	2.7274898117520478e-12	1.
-1.8706156139824122	-4.0587242934090836e-7	2.8202515546323636e-12	1.
-1.865653768852486	-4.1273327225712355e-7	2.9161617504718166e-12	1.
-1.860691923722559	-4.197097959861796e-7	3.0153266333875653e-12	1.
-1.8557300785926318	-4.268039415309246e-7	3.117855431474566e-12	1.
-1.850768233462705	-4.3401768265291616e-7	3.2238617973172895e-12	1.
-1.8458063883327784	-4.413530257181443e-7	3.3334616536862855e-12	1.
-1.8408445432028515	-4.488120106556491e-7	3.4467803266857236e-12	1.
-1.8358826980729246	-4.563967111588026e-7	3.5639385953465507e-12	1.
-1.8309208529429977	-4.6410923486321283e-7	3.6850729281823365e-12	1.
-1.8259590078130712	-4.719517259134039e-7	3.810309173724298e-12	1.
-1.8209971626831443	-4.799263623686912e-7	3.93979361009215e-12	1.
-1.8160353175532173	-4.880353591287633e-7	4.073663455338879e-12	1.
-1.8110734724232902	-4.962809677789763e-7	4.212071905097708e-12	1.
-1.806111627293364	-5.04665478278195e-7	4.35517096552984e-12	1.
-1.801149782163437	-5.131912163445269e-7	4.503112742696528e-12	1.
-1.79618793703351	-5.218605484674984e-7	4.656071533953771e-12	1.
-1.791226091903583	-5.306758788657341e-7	4.814208072322917e-12	1.
-1.7862642467736567	-5.396396523549661e-7	4.977701120204125e-12	1.
-1.7813024016437298	-5.487543540476506e-7	5.146728394800491e-12	1.
-1.7763405565138026	-5.580225100466759e-7	5.3214798356769335e-12	1.
-1.7713787113838761	-5.674466882846785e-7	5.502145591369422e-12	1.
-1.7664168662539492	-5.77029499531498e-7	5.688924407276686e-12	1.
-1.7614550211240223	-5.867735972151127e-7	5.8820327792669366e-12	1.
-1.7564931759940954	-5.966816793585633e-7	6.0816568660600476e-12	1.
-1.751531330864169	-6.067564876140087e-7	6.288043685937316e-12	1.
-1.746569485734242	-6.170008096985941e-7	6.501412622934547e-12	1.
-1.741607640604315	-6.274174788479536e-7	6.721995178418028e-12	1.
-1.7366457954743881	-6.380093754867088e-7	6.9500367768952e-12	1.
-1.7316839503444617	-6.487794275548525e-7	7.185786196586368e-12	1.
-1.7267221052145345	-6.597306104074236e-7	7.429510509763221e-12	1.
-1.7217602600846076	-6.708659499380973e-7	7.68146844287725e-12	1.
-1.7167984149546807	-6.821885207135727e-7	7.941937288591891e-12	1.
-1.7118365698247542	-6.937014485863472e-7	8.21121103773344e-12	1.
-1.7068747246948273	-7.054079104424061e-7	8.489573815904818e-12	1.
-1.7019128795649003	-7.173111358023316e-7	8.777344078556368e-12	1.
-1.6969510344349734	-7.294144070382709e-7	9.074834339906718e-12	1.
-1.691989189305047	-7.417210606256257e-7	9.38235720316662e-12	1.
-1.68702734417512	-7.542344887261455e-7	9.70026823257717e-12	1.
-1.682065499045193	-7.669581373101975e-7	1.0028906923626326e-11	1.
-1.6771036539152662	-7.798955100303612e-7	1.0368624242949799e-11	1.
-1.6721418087853397	-7.930501697921508e-7	1.0719821641693756e-11	1.
-1.6671799636554128	-8.064257337018507e-7	1.1082854392613019e-11	1.
-1.6622181185254856	-8.200258822872863e-7	1.1458127365441447e-11	1.
-1.657256273395559	-8.338543545715052e-7	1.1846057093389992e-11	1.
-1.6522944282656322	-8.479149508813928e-7	1.2247060676929092e-11	1.
-1.6473325831357055	-8.622115343089869e-7	1.2661583314435482e-11	1.
-1.6423707380057784	-8.767480306084569e-7	1.3090071860972801e-11	1.
-1.6374088928758517	-8.915284292616985e-7	1.3532990138312122e-11	1.
-1.632447047745925	-9.065567866786596e-7	1.3990830324350956e-11	1.
-1.627485202615998	-9.218372248805596e-7	1.446408006225965e-11	1.
-1.6225233574860711	-9.373739316899589e-7	1.4953289793327528e-11	1.
-1.6175615123561442	-9.531711653439161e-7	1.545891664533665e-11	1.
-1.6125996672262177	-9.692332522702316e-7	1.598158253493369e-11	1.
-1.6076378220962908	-9.855645898624882e-7	1.6521831835151753e-11	1.
-1.6026759769663639	-1.0021696473412903e-6	1.708024842662563e-11	1.
-1.597714131836437	-1.0190529660692593e-6	1.765745116737883e-11	1.
-1.5927522867065105	-1.0362191627103826e-6	1.8254054839853797e-11	1.
-1.5877904415765836	-1.0536729262748832e-6	1.8870706581277978e-11	1.
-1.5828285964466566	-1.0714190254531481e-6	1.9508084446596042e-11	1.
-1.5778667513167295	-1.0894623044683478e-6	2.0166865962944157e-11	1.
-1.572904906186803	-1.1078076845609877e-6	2.08477819813197e-11	1.
-1.5679430610568763	-1.1264601716305514e-6	2.1551557743054703e-11	1.
-1.5629812159269494	-1.1454248483663108e-6	2.227893402631179e-11	1.
-1.5580193707970227	-1.1647068810213447e-6	2.3030753079907423e-11	1.
-1.5530575256670958	-1.1843115197570634e-6	2.380777304344323e-11	1.
-1.5480956805371688	-1.2042440999083923e-6	2.4610855054352182e-11	1.
-1.543133835407242	-1.2245100423600543e-6	2.544086038986136e-11	1.
-1.5381719902773154	-1.2451148568394256e-6	2.6298707969509705e-11	1.
-1.5332101451473885	-1.266064140621683e-6	2.7185285915919e-11	1.
-1.5282483000174616	-1.2873635824182187e-6	2.8101557637542577e-11	1.
-1.5232864548875347	-1.309018960845416e-6	2.9048535006763016e-11	1.
-1.5183246097576082	-1.3310361506550429e-6	3.002721689514023e-11	1.
-1.5133627646276813	-1.3534211179585642e-6	3.1038635018393134e-11	1.
-1.5084009194977543	-1.3761799275777948e-6	3.2083899758172775e-11	1.
-1.5034390743678274	-1.3993187393408831e-6	3.3164134223895206e-11	1.
-1.498477229237901	-1.4228438143045262e-6	3.4280496948620794e-11	1.
-1.4935153841079738	-1.4467615118518613e-6	3.543415950142424e-11	1.
-1.488553538978047	-1.4710782945433443e-6	3.6626407882953596e-11	1.
-1.48359169384812	-1.4958007303802136e-6	3.7858442174669886e-11	1.
-1.4786298487181935	-1.5209354879854117e-6	3.9131633612315444e-11	1.
-1.4736680035882666	-1.5464893465690495e-6	4.044731798395285e-11	1.
-1.4687061584583396	-1.5724691904787934e-6	4.1806933277995205e-11	1.
-1.4637443133284127	-1.5988820175420549e-6	4.321188734387468e-11	1.
-1.4587824681984862	-1.625734934613337e-6	4.466370188204715e-11	1.
-1.4538206230685593	-1.6530351630609642e-6	4.616390728172372e-11	1.
-1.4488587779386324	-1.680790037863799e-6	4.77141027683399e-11	1.
-1.4438969328087055	-1.7090070125818147e-6	4.9315949481352074e-11	1.
-1.438935087678779	-1.737693657793668e-6	5.097110932400977e-11	1.
-1.433973242548852	-1.766857664979121e-6	5.268136562190038e-11	1.
-1.4290113974189251	-1.7965068469272124e-6	5.4448562051322854e-11	1.
-1.424049552288998	-1.8266491411163093e-6	5.6274483337530015e-11	1.
-1.4190877071590715	-1.8572926095119223e-6	5.816117222781668e-11	1.
-1.4141258620291446	-1.8884454437382193e-6	6.011045531290407e-11	1.
-1.4091640168992177	-1.920115963333943e-6	6.212455548201011e-11	1.
-1.4042021717692907	-1.9523126176512585e-6	6.420552529157492e-11	1.
-1.3992403266393643	-1.9850439924389583e-6	6.635556795026607e-11	1.
-1.3942784815094373	-2.0183188047490836e-6	6.857692377609094e-11	1.
-1.3893166363795104	-2.0521459137610894e-6	7.087197363531323e-11	1.
-1.3843547912495835	-2.086534313109594e-6	7.324303992253846e-11	1.
-1.379392946119657	-2.121493140533223e-6	7.56927342255396e-11	1.
-1.37443110098973	-2.1570316762423226e-6	7.822347128898356e-11	1.
-1.3694692558598032	-2.193159345513419e-6	8.083803911513288e-11	1.
-1.3645074107298762	-2.229885719857612e-6	8.353909666414166e-11	1.
-1.3595455655999498	-2.2672205232549655e-6	8.632945318869596e-11	1.
-1.3545837204700228	-2.3051736287840764e-6	8.921212083828298e-11	1.
-1.349621875340096	-2.3437550645756495e-6	9.21899086879898e-11	1.
-1.3446600302101694	-2.3829750145277253e-6	9.52660735620341e-11	1.
-1.3396981850802425	-2.422843820656942e-6	9.844375791272217e-11	1.
-1.3347363399503156	-2.4633719868744957e-6	1.0172629595032314e-10	1.
-1.3297744948203885	-2.504570175781e-6	1.0511702395883882e-10	1.
-1.3248126496904622	-2.546449221968934e-6	1.0861952878294942e-10	1.
-1.319850804560535	-2.5890201203121175e-6	1.1223728415756294e-10	1.
-1.3148889594306081	-2.6322940382869014e-6	1.1597430310180145e-10	1.
-1.3099271143006812	-2.6762823202416665e-6	1.1983417182259307e-10	1.
-1.3049652691707547	-2.7209964774540797e-6	1.2382083786696963e-10	1.
-1.3000034240408278	-2.766448204076325e-6	1.2793864582559107e-10	1.
-1.2950415789109009	-2.8126493690457447e-6	1.3219170643613602e-10	1.
-1.290079733780974	-2.8596120259652466e-6	1.3658431695117513e-10	1.
-1.2851178886510475	-2.9073484130741906e-6	1.41121058743373e-10	1.
-1.2801560435211206	-2.9558709556280717e-6	1.4580645486671482e-10	1.
-1.2751941983911934	-3.0051922658042614e-6	1.506455016593071e-10	1.
-1.2702323532612665	-3.055325153922022e-6	1.556429146166596e-10	1.
-1.26527050813134	-3.1062826151022906e-6	1.6080374875085053e-10	1.
-1.2603086630014133	-3.158077853252008e-6	1.661336378850596e-10	1.
-1.2553468178714864	-3.210724266691624e-6	1.7163751685295543e-10	1.
-1.2503849727415595	-3.2642354524948916e-6	1.773214215494792e-10	1.
-1.2454231276116328	-3.318625225326296e-6	1.8319054511218685e-10	1.
-1.2404612824817058	-3.3739075939508812e-6	1.8925128093100743e-10	1.
-1.235499437351779	-3.4300967868330154e-6	1.95509515066066e-10	1.
-1.230537592221852	-3.4872072443856946e-6	2.0197157470353047e-10	1.
-1.2255757470919255	-3.5452536226481952e-6	2.0864435670646994e-10	1.
-1.2206139019619986	-3.6042507994841177e-6	2.1553343703737323e-10	1.
-1.2156520568320717	-3.6642138719727246e-6	2.226468384050312e-10	1.
-1.2106902117021445	-3.7251581646730344e-6	2.2999134599549405e-10	1.
-1.2057283665722183	-3.7870992294665993e-6	2.3757413642898134e-10	1.
-1.2007665214422913	-3.850052849581313e-6	2.454029242457e-10	1.
-1.1958046763123642	-3.914035043256644e-6	2.5348549218141956e-10	1.
-1.1908428311824373	-3.979062062980833e-6	2.6182962478596365e-10	1.
-1.185880986052511	-4.045150405117096e-6	2.7044383769984966e-10	1.
-1.180919140922584	-4.112316805759088e-6	2.793367521749278e-10	1.
-1.175957295792657	-4.180578250379272e-6	2.885164927466327e-10	1.
-1.17099545066273	-4.2499519733651586e-6	2.979929259936899e-10	1.
-1.1660336055328036	-4.320455458087e-6	3.0777495744157217e-10	1.
-1.1610717604028766	-4.39210644437348e-6	3.178728376595416e-10	1.
-1.1561099152729497	-4.464922939014704e-6	3.2829422665992227e-10	1.
-1.1511480701430228	-4.538923196462931e-6	3.390522396800123e-10	1.
-1.1461862250130963	-4.614125746593286e-6	3.5015566639508036e-10	1.
-1.1412243798831694	-4.6905493859785705e-6	3.616157225817248e-10	1.
-1.1362625347532425	-4.768213180188843e-6	3.734434586900225e-10	1.
-1.131300689623316	-4.847136472805101e-6	3.8565050558180026e-10	1.
-1.126338844493389	-4.927338882346725e-6	3.9824866329256665e-10	1.
-1.1213769993634621	-5.008840309012687e-6	4.1124928722800795e-10	1.
-1.1164151542335352	-5.091660940903956e-6	4.246661106024467e-10	1.
-1.1114533091036087	-5.175821251411088e-6	4.385108511976518e-10	1.
-1.1064914639736818	-5.261342009129967e-6	4.527976880828126e-10	1.
-1.1015296188437547	-5.348244266351553e-6	4.675400019038452e-10	1.
-1.0965677737138277	-5.436549396716971e-6	4.827517456728304e-10	1.
-1.0916059285839013	-5.526279046200757e-6	4.984472101163814e-10	1.
-1.0866440834539743	-5.617455186312803e-6	5.146414075471215e-10	1.
-1.0816822383240474	-5.710100088921294e-6	5.313499697183996e-10	1.
-1.0767203931941205	-5.804236341163198e-6	5.485881786264853e-10	1.
-1.071758548064194	-5.899886843997876e-6	5.663726529853822e-10	1.
-1.066796702934267	-5.99707481976948e-6	5.847196686999566e-10	1.
-1.0618348578043402	-6.095823802662306e-6	6.036468198273456e-10	1.
-1.0568730126744132	-6.196157671026771e-6	6.231715151798181e-10	1.
-1.0519111675444868	-6.298100612298126e-6	6.433122673220327e-10	1.
-1.0469493224145598	-6.401677162256197e-6	6.640866682628332e-10	1.
-1.0419874772846327	-6.506912191589387e-6	6.855152771404253e-10	1.
-1.037025632154706	-6.613830895927588e-6	7.076178330947707e-10	1.
-1.0320637870247795	-6.7224588349935705e-6	7.304142705574009e-10	1.
-1.0271019418948524	-6.832821902871684e-6	7.539241209831449e-10	1.
-1.0221400967649255	-6.944946342965621e-6	7.78171100308918e-10	1.
-1.0171782516349985	-7.058858757593179e-6	8.031767235583614e-10	1.
-1.012216406505072	-7.174586106880928e-6	8.289628925063932e-10	1.
-1.0072545613751451	-7.292155708942785e-6	8.555538988994048e-10	1.
-1.0022927162452182	-7.41159525081804e-6	8.829736565354704e-10	1.
-0.9973308711152913	-7.532932780618804e-6	9.112469197019326e-10	1.
-0.9923690259853648	-7.656196722091022e-6	9.403975674578175e-10	1.
-0.9874071808554379	-7.78141587655175e-6	9.704542046899755e-10	1.
-0.982445335725511	-7.908619422366868e-6	1.00144092086355e-9	1.
-0.9774834905955839	-8.037836920349883e-6	1.0333877380326313e-9	1.
-0.9725216454656576	-8.169098310161013e-6	1.066322483454028e-9	1.
-0.9675598003357305	-8.30243393683193e-6	1.100272236423944e-9	1.
-0.9625979552058036	-8.43787451364735e-6	1.1352697512160406e-9	1.
-0.9576361100758767	-8.575451179537638e-6	1.1713442433125683e-9	1.
-0.9526742649459502	-8.715195445438874e-6	1.2085265182340817e-9	1.
-0.9477124198160233	-8.857139242551591e-6	1.2468505816495596e-9	1.
-0.9427505746860962	-9.001314900484466e-6	1.2863485636929292e-9	1.
-0.9377887295561698	-9.147755163258097e-6	1.3270548916975477e-9	1.
-0.9328268844262428	-9.296493184895358e-6	1.3690046626903892e-9	1.
-0.9278650392963159	-9.44756253773924e-6	1.4122338698224985e-9	1.
-0.9229031941663889	-9.600997210760458e-6	1.4567778701682171e-9	1.
-0.9179413490364625	-9.75683162275613e-6	1.502679331022851e-9	1.
-0.9129795039065356	-9.91510060952034e-6	1.5499720810403102e-9	1.
-0.9080176587766087	-0.000010075839444955172	1.5986984216508956e-9	1.
-0.9030558136466816	-0.000010239083828390962	1.6489005719116494e-9	1.
-0.8980939685167552	-0.000010404869901685669	1.7006149859981369e-9	1.
-0.8931321233868283	-0.000010573234239260623	1.7538903868144424e-9	1.
-0.8881702782569013	-0.000010744213864376498	1.8087697678541716e-9	1.
-0.8832084331269743	-0.000010917846239194811	1.865297995152656e-9	1.
-0.8782465879970479	-0.000011094169276683466	1.923521538103158e-9	1.
-0.873284742867121	-0.000011273221342146663	1.9834882779304486e-9	1.
-0.8683228977371941	-0.000011455041253463239	2.045245754259576e-9	1.
-0.863361052607267	-0.000011639668282465171	2.108848762386486e-9	1.
-0.8583992074773406	-0.000011827142165028753	2.174343205753974e-9	1.
-0.8534373623474137	-0.000012017503099197448	2.241784487189032e-9	1.
-0.8484755172174867	-0.000012210791744805448	2.31122686755623e-9	1.
-0.8435136720875597	-0.000012407049232459728	2.38272418016147e-9	1.
-0.8385518269576333	-0.000012606317159942985	2.4563363856345755e-9	1.
-0.8335899818277064	-0.000012808637600957481	2.5321157540004485e-9	1.
-0.8286281366977795	-0.000013014053104660942	2.6101265688361364e-9	1.
-0.8236662915678524	-0.000013222606689507536	2.690430111426377e-9	1.
-0.8187044464379261	-0.0000134343418715752	2.7730883897321937e-9	1.
-0.813742601307999	-0.000013649302621107238	2.8581619444564127e-9	1.
-0.8087807561780721	-0.000013867533428308352	2.9457205007205105e-9	1.
-0.8038189110481451	-0.000014089079233591207	3.035826481795215e-9	1.
-0.7988570659182187	-0.000014313985494042979	3.128555353178851e-9	1.
-0.7938952207882917	-0.000014542298142819908	3.2239720006918e-9	1.
-0.7889333756583649	-0.000014774063608562724	3.322149862599006e-9	1.
-0.7839715305284379	-0.000015009328811534498	3.423164934016222e-9	1.
-0.7790096853985115	-0.000015248141172076867	3.527085620293112e-9	1.
-0.7740478402685844	-0.00001549054860493908	3.633996690978477e-9	1.
-0.7690859951386575	-0.000015736599520786547	3.743973788579396e-9	1.
-0.7641241500087305	-0.000015986342835434354	3.857096694566302e-9	1.
-0.7591623048788041	-0.000016239827962164	3.973448828207426e-9	1.
-0.7542004597488771	-0.0000164971048274356	4.093116186127117e-9	1.
-0.7492386146189501	-0.000016758223824716527	4.216184816693759e-9	1.
-0.7442767694890232	-0.000017023235909772487	4.342733333701177e-9	1.
-0.7393149243590967	-0.000017292192498423136	4.472864267121249e-9	1.
-0.7343530792291698	-0.000017565145530616904	4.6066646541716465e-9	1.
-0.7293912340992429	-0.000017842147450559432	4.744229753832966e-9	1.
-0.7244293889693164	-0.00001812325120303161	4.88565302013347e-9	1.
-0.7194675438393894	-0.000018408510253717578	5.031035095366345e-9	1.
-0.7145056987094625	-0.000018697978565475753	5.1804745265511094e-9	1.
-0.7095438535795355	-0.000018991710615956268	5.334073950475326e-9	1.
-0.7045820084496092	-0.00001928976137877027	5.491936629389106e-9	1.
-0.6996201633196821	-0.000019592186364476394	5.654175651051656e-9	1.
-0.6946583181897552	-0.000019899041557862424	5.820891401653634e-9	1.
-0.6896964730598283	-0.00002021038346907222	5.9921980181252596e-9	1.
-0.6847346279299018	-0.00002052626910995536	6.168211741856741e-9	1.
-0.6797727827999748	-0.00002084675600771058	6.349043297101438e-9	1.
-0.6748109376700479	-0.00002117190218046417	6.534815567132908e-9	1.
-0.6698490925401209	-0.000021501766168631214	6.725645729873083e-9	1.
-0.6648872474101944	-0.0000218364070047083	6.921658457312025e-9	1.
-0.6599254022802675	-0.000022175884218921576	7.122976038390419e-9	1.
-0.6549635571503407	-0.000022520257874181655	7.329727540788401e-9	1.
-0.6500017120204137	-0.00002286958850311811	7.5420383064869e-9	1.
-0.6450398668904871	-0.000023223937135342395	7.760055670589622e-9	1.
-0.6400780217605602	-0.00002358336531346981	7.98389867736787e-9	1.
-0.6351161766306332	-0.000023947935071869852	8.213712593088055e-9	1.
-0.6301543315007063	-0.00002431770893310826	8.449635819781726e-9	1.
-0.6251924863707798	-0.00002469274992493282	8.691813501056592e-9	1.
-0.6202306412408529	-0.000025073121524036672	8.940384527732856e-9	1.
-0.615268796110926	-0.000025458887752375158	9.195499646972302e-9	1.
-0.6103069509809991	-0.00002585011307761366	9.457324434348603e-9	1.
-0.6053451058510725	-0.000026246862436312316	9.725979292279926e-9	1.
-0.6003832607211457	-0.000026649201285404606	1.0001632138541347e-8	1.
-0.5954214155912186	-0.000027057195529308438	1.0284479801025433e-8	1.
-0.5904595704612916	-0.000027470911539828166	1.057461359633075e-8	1.
-0.5854977253313652	-0.000027890416185248555	1.0872284668230125e-8	1.
-0.5805358802014383	-0.00002831577676295565	1.1177587433214283e-8	1.
-0.5755740350715113	-0.000028747061053956437	1.1490717399128938e-8	1.
-0.5706121899415844	-0.00002918433730090754	1.1811843016070038e-8	1.
-0.5656503448116579	-0.000029627674163352794	1.2141151207845184e-8	1.
-0.560688499681731	-0.000030077140822257925	1.247881054717475e-8	1.
-0.555726654551804	-0.00003053280680094134	1.2824997642318203e-8	1.
-0.5507648094218771	-0.00003099474217427839	1.3179904969404157e-8	1.
-0.5458029642919506	-0.000031463017370031154	1.3543728447734153e-8	1.
-0.5408411191620237	-0.000031937703292974215	1.3916626493296277e-8	1.
-0.5358792740320967	-0.00003241887125301414	1.429881992135712e-8	1.
-0.5309174289021699	-0.000032906592989219495	1.4690496521580056e-8	1.
-0.5259555837722435	-0.000033400940653751396	1.5091862101248935e-8	1.
-0.5209937386423165	-0.000033901986811438715	1.5503090716327335e-8	1.
-0.5160318935123895	-0.0000344098044393904	1.592442022352771e-8	1.
-0.511070048382463	-0.000034924466900016404	1.635604195901651e-8	1.
-0.506108203252536	-0.000035446047961433686	1.679816553643929e-8	1.
-0.5011463581226091	-0.000035974621775902	1.7251007564963117e-8	1.
-0.4961845129926822	-0.000036510262884906756	1.7714775097982288e-8	1.
-0.4912226678627556	-0.000037053046184362716	1.818971140957723e-8	1.
-0.48626082273282867	-0.000037603046976862733	1.8676019692561862e-8	1.
-0.4812989776029017	-0.0000381603408838293	1.917391288487899e-8	1.
-0.4763371324729749	-0.000038725003939143	1.9683641292963266e-8	1.
-0.47137528734304834	-0.000039297112453005614	2.020541935464201e-8	1.
-0.4664134422131215	-0.000039876743153099784	2.073950607191969e-8	1.
-0.4614515970831945	-0.0000404639730591242	2.1286113447593963e-8	1.
-0.4564897519532675	-0.000041058879538938885	2.1845471742606715e-8	1.
-0.4515279068233411	-0.00004166154027537925	2.241785547278672e-8	1.
-0.44656606169341423	-0.00004227203326923554	2.3003488842939933e-8	1.
-0.44160421656348725	-0.00004289043682225319	2.360262789114226e-8	1.
-0.43664237143356016	-0.00004351682953868512	2.421552282167747e-8	1.
-0.43168052630363374	-0.00004415129034572634	2.4842416476754644e-8	1.
-0.4267186811737069	-0.00004479389840026724	2.548357544706477e-8	1.
-0.42175683604377984	-0.00004544473318134703	2.6139264808309147e-8	1.
-0.41679499091385286	-0.000046103874414643505	2.6809734963041886e-8	1.
-0.4118331457839264	-0.00004677140211232474	2.749525224761959e-8	1.
-0.40687130065399957	-0.00004744739649087306	2.819609578200944e-8	1.
-0.40190945552407253	-0.00004813193807827251	2.8912523609048538e-8	1.
-0.39694761039414567	-0.00004882510759054873	2.9644791684892393e-8	1.
-0.39198576526421924	-0.00004952698600820111	3.039324099566957e-8	1.
-0.38702392013429215	-0.000050237654500732223	3.115807898088529e-8	1.
-0.3820620750043652	-0.00005095719446807942	3.193960715610555e-8	1.
-0.37710022987443836	-0.00005168568752261387	3.2738113169302045e-8	1.
-0.37213838474451194	-0.00005242321544935983	3.3553937746288033e-8	1.
-0.3671765396145849	-0.00005316986025319352	3.438726673379072e-8	1.
-0.36221469448465793	-0.000053925704091458974	3.523844692163755e-8	1.
-0.357252849354731	-0.00005469082933134282	3.6107778489608896e-8	1.
-0.3522910042248046	-0.000055465318382337975	3.699557770886488e-8	1.
-0.34732915909487755	-0.00005624925402188325	3.7902032767675404e-8	1.
-0.3423673139649506	-0.000057042718984501154	3.8827564764844714e-8	1.
-0.33740546883502365	-0.00005784579623748149	3.9772444982584725e-8	1.
-0.3324436237050968	-0.000058658568809982046	4.073695702916227e-8	1.
-0.32748177857516986	-0.00005948111993555778	4.1721429022039805e-8	1.
-0.3225199334452438	-0.00006031353286002496	4.272486797937746e-8	1.
-0.31755808831531684	-0.00006115589108650887	4.3751458338842176e-8	1.
-0.31259624318539	-0.00006200827802656152	4.4797648280726375e-8	1.
-0.30763439805546294	-0.00006287077726968503	4.58650340238881e-8	1.
-0.3026725529255361	-0.0000637434725478083	4.6953963784319815e-8	1.
-0.2977107077956091	-0.0000646264475426642	4.806473808930212e-8	1.
-0.2927488626656822	-0.00006551978609638481	4.919768729036917e-8	1.
-0.28778701753575625	-0.00006642357193256614	5.0353163271281416e-8	1.
-0.2828251724058292	-0.00006733788909636429	5.153135973748388e-8	1.
-0.2778633272759023	-0.00006826282145516636	5.2732732974408095e-8	1.
-0.27290148214597537	-0.00006919845297303355	5.395765549695102e-8	1.
-0.2679396370160484	-0.00007014486763884006	5.520624045828967e-8	1.
-0.26297779188612147	-0.00007110214942545565	5.647905863576043e-8	1.
-0.25801594675619455	-0.00007207038237585919	5.77781969109347e-8	1.
-0.25305410162626757	-0.00007304965050923087	5.909848890542213e-8	1.
-0.24809225649634153	-0.00007404003771105841	6.044566763025066e-8	1.
-0.24313041136641464	-0.0000750416280745588	6.1818513141424e-8	1.
-0.23816856623648772	-0.00007605450545658608	6.321710321661905e-8	1.
-0.2332067211065607	-0.00007707875380937696	6.464187909770519e-8	1.
-0.22824487597663382	-0.00007811445700281522	6.60931868242507e-8	1.
-0.22328303084670678	-0.00007916169888674378	6.757131510300694e-8	1.
-0.2183211857167798	-0.00008022056312332763	6.907675402027015e-8	1.
-0.21335934058685285	-0.00008129113360653246	7.060966084849154e-8	1.
-0.20839749545692696	-0.0000823734938748038	7.217056684588562e-8	1.
-0.20343565032700006	-0.00008346772752069494	7.375951339454694e-8	1.
-0.19847380519707308	-0.00008457391805060708	7.537747400987793e-8	1.
-0.19351196006714616	-0.00008569214880468273	7.702653147752087e-8	1.
-0.18855011493721913	-0.00008682250324805151	7.870029637367078e-8	1.
-0.18358826980729218	-0.00008796506446286905	8.0406030196135e-8	1.
-0.17862642467736523	-0.00008911991559550901	8.214185521521766e-8	1.
-0.17366457954743825	-0.00009028713968759607	8.390806925870034e-8	1.
-0.1687027344175124	-0.00009146681954458035	8.570503930521372e-8	1.
-0.16374088928758537	-0.00009265903802764353	8.753318201592943e-8	1.
-0.15877904415765842	-0.00009386387769323908	8.939273123775128e-8	1.
-0.15381719902773153	-0.00009508142113797407	9.128420091053643e-8	1.
-0.14885535389780452	-0.00009631175063604518	9.320781816899043e-8	1.
-0.14389350876787751	-0.00009755494850234917	9.516404130310175e-8	1.
-0.13893166363795062	-0.000098811096791414	9.715316050476895e-8	1.
-0.1339698185080237	-0.00010008027745127808	9.917569663959656e-8	1.
-0.12900797337809777	-0.00010136257227742801	1.0123158827224734e-7	1.
-0.12404612824817077	-0.00010265806287476677	1.0332207643654753e-7	1.
-0.11908428311824384	-0.00010396683072953227	1.05446695934393e-7	1.
-0.11412243798831692	-0.00010528895712759461	1.0760607009303349e-7	1.
-0.10916059285838989	-0.00010662452322279575	1.0980064692757054e-7	1.
-0.10419874772846298	-0.00010797361000821463	1.1203076286902816e-7	1.
-0.09923690259853597	-0.00010933629820141855	1.1429683859544714e-7	1.
-0.09427505746860901	-0.00011071266856801033	1.1659896217170548e-7	1.
-0.08931321233868318	-0.00011210280129967182	1.1893797762387275e-7	1.
-0.08435136720875613	-0.00011350677686594067	1.213139628523085e-7	1.
-0.07938952207882922	-0.00011492467524021177	1.2372716095032902e-7	1.
-0.07442767694890226	-0.00011635657636724809	1.261782783260973e-7	1.
-0.06946583181897531	-0.00011780255989924507	1.2866759420321756e-7	1.
-0.06450398668904835	-0.00011926270537197396	1.31195339368935e-7	1.
-0.05954214155912142	-0.00012073709208836831	1.3376203320995333e-7	1.
-0.05458029642919551	-0.00012222579919609863	1.3636795459649673e-7	1.
-0.049618451299268555	-0.00012372890561034334	1.390136142995648e-7	1.
-0.044656606169341535	-0.00012524649011508206	1.4169927321120313e-7	1.
-0.039694761039414654	-0.00012677863120700588	1.4442542292985098e-7	1.
-0.03473291590948767	-0.00012832540729162077	1.4719234659328135e-7	1.
-0.0297710707795607	-0.00012988689649122786	1.5000058150065874e-7	1.
-0.02480922564963373	-0.00013146317684324161	1.5285014259566208e-7	1.
-0.019847380519706803	-0.0001330543260670029	1.557417752715916e-7	1.
-0.014885535389780815	-0.00013466042176211074	1.5867585884931242e-7	1.
-0.009923690259853861	-0.00013628154131238105	1.6165256916779222e-7	1.
-0.004961845129926939	-0.00013791776191962677	1.6467244140529483e-7	1.
0.	-0.00013956916059406504	1.677358297052768e-7	1.