-4.961845129926823	-1.557588919462737e-10	4.2525045824125505e-19	1.
-4.956787974617092	-1.5847490918614591e-10	4.401706180240507e-19	1.
-4.951730819307361	-1.6123816139595277e-10	4.556137340009134e-19	1.
-4.946673663997631	-1.6404946843158742e-10	4.715981200221862e-19	1.
-4.9416165086879	-1.669096643586602e-10	4.881427308022297e-19	1.
-4.936559353378168	-1.6981959769851836e-10	5.052671843357736e-19	1.
-4.931502198068436	-1.7278013167854898e-10	5.229917850990763e-19	1.
-4.926445042758705	-1.7579214448677862e-10	5.4133754804027515e-19	1.
-4.921387887448974	-1.7885652953089945e-10	5.603262234403908e-19	1.
-4.916330732139243	-1.8197419570177338e-10	5.799803226194617e-19	1.
-4.911273576829512	-1.8514606764148452e-10	6.003231445415496e-19	1.
-4.9062164215197805	-1.883730860160342e-10	6.213788033734495e-19	1.
-4.90115926621005	-1.9165620779276796e-10	6.43172256973485e-19	1.
-4.896102110900319	-1.949964065225722e-10	6.65729336395821e-19	1.
-4.891044955590588	-1.98394672626972e-10	6.890767764295082e-19	1.
-4.885987800280857	-2.018520136902118e-10	7.132422471913969e-19	1.
-4.880930644971125	-2.0536945475634887e-10	7.38254386827298e-19	1.
-4.875873489661394	-2.089480386315236e-10	7.641428353654425e-19	1.
-4.870816334351662	-2.125888261914458e-10	7.909382697375032e-19	1.
-4.865759179041931	-2.1629289669418243e-10	8.186724400277343e-19	1.
-4.8607020237322	-2.2006134809838982e-10	8.473782070098567e-19	1.
-4.85564486842247	-2.2389529738702425e-10	8.770895809549413e-19	1.
-4.850587713112739	-2.277958808966537e-10	9.078417618278745e-19	1.
-4.8455305578030075	-2.3176425465248242e-10	9.396711808943971e-19	1.
-4.840473402493276	-2.358015947091683e-10	9.726155437361125e-19	1.
-4.835416247183545	-2.399090974975152e-10	1.0067138748252837e-18	1.
-4.830359091873814	-2.4408798017719623e-10	1.0420065636218945e-18	1.
-4.825301936564082	-2.483394809955538e-10	1.078535412280122e-18	1.
-4.820244781254351	-2.526648596525927e-10	1.1163436850467964e-18	1.
-4.81518762594462	-2.570653976723395e-10	1.155476159364879e-18	1.
-4.810130470634889	-2.615423987805639e-10	1.1959791787585546e-18	1.
-4.805073315325158	-2.660971892890651e-10	1.2379007075873366e-18	1.
-4.800016160015427	-2.7073111848661763e-10	1.2812903877120073e-18	1.
-4.794959004705696	-2.754455590366476e-10	1.3261995970979258e-18	1.
-4.789901849395965	-2.8024190738181525e-10	1.37268151053292e-18	1.
-4.7848446940862335	-2.851215841555908e-10	1.4207911624141727e-18	1.
-4.779787538776502	-2.9008603460093674e-10	1.4705855117378414e-18	1.
-4.774730383466771	-2.951367289962156e-10	1.5221235093692234e-18	1.
-4.769673228157039	-3.0027516308850936e-10	1.5754661676860742e-18	1.
-4.764616072847309	-3.0550285853441545e-10	1.6306766326105022e-18	1.
-4.759558917537578	-3.108213633484656e-10	1.6878202581633188e-18	1.
-4.7545017622278465	-3.1623225235927006e-10	1.7469646836624962e-18	1.
-4.749444606918115	-3.217371276736172e-10	1.8081799135784615e-18	1.
-4.744387451608384	-3.273376191485365e-10	1.871538400180191e-18	1.
-4.739330296298653	-3.330353848715399e-10	1.937115129098508e-18	1.
-4.734273140988922	-3.388321116492183e-10	2.004987707873196e-18	1.
-4.729215985679191	-3.4472951550422233e-10	2.075236457535745e-18	1.
-4.72415883036946	-3.5072934218088065e-10	2.1479445074862674e-18	1.
-4.719101675059728	-3.5683336765956304e-10	2.2231978936081062e-18	1.
-4.714044519749997	-3.6304339867990005e-10	2.3010856598078414e-18	1.
-4.708987364440266	-3.6936127327309353e-10	2.381699963205473e-18	1.
-4.703930209130535	-3.7578886130343077e-10	2.4651361828451186e-18	1.
-4.698873053820804	-3.8232806501911876e-10	2.551493032305315e-18	1.
-4.6938158985110725	-3.8898081961268717e-10	2.6408726762501337e-18	1.
-4.688758743201341	-3.9574909379110604e-10	2.73338085097912e-18	1.
-4.68370158789161	-4.026348903556895e-10	2.829126989244637e-18	1.
-4.67864443258188	-4.0964024679209817e-10	2.9282243494241813e-18	1.
-4.673587277272149	-4.1676723587052616e-10	3.0307901491623713e-18	1.
-4.668530121962417	-4.240179662562185e-10	3.136945703715574e-18	1.
-4.6634729666526855	-4.3139458313062905e-10	3.2468165691641456e-18	1.
-4.658415811342954	-4.3889926882326187e-10	3.3605326905156824e-18	1.
-4.653358656033223	-4.465342434544333e-10	3.478228555078858e-18	1.
-4.648301500723492	-4.543017655892044e-10	3.600043351237829e-18	1.
-4.643244345413761	-4.622041329025883e-10	3.726121132550042e-18	1.
-4.638187190104031	-4.702436828562394e-10	3.856610987864434e-18	1.
-4.633130034794299	-4.784227933869136e-10	3.991667217179261e-18	1.
-4.628072879484568	-4.867438836067585e-10	4.13144951366573e-18	1.
-4.623015724174837	-4.952094145157316e-10	4.276123152164271e-18	1.
-4.617958568865106	-5.038218897263977e-10	4.425859184129517e-18	1.
-4.612901413555374	-5.125838562011728e-10	4.5808346394207145e-18	1.
-4.607844258245643	-5.214979050023417e-10	4.741232735201154e-18	1.
-4.6027871029359115	-5.305666720551255e-10	4.907243092100474e-18	1.
-4.59772994762618	-5.397928389238203e-10	5.079061957828788e-18	1.
-4.59267279231645	-5.491791336014479e-10	5.2568924387852904e-18	1.
-4.587615637006719	-5.587283313130548e-10	5.4409447395927285e-18	1.
-4.582558481696988	-5.68443255332842e-10	5.6314364110208716e-18	1.
-4.577501326387257	-5.783267778154294e-10	5.8285926066303144e-18	1.
-4.5724441710775245	-5.883818206415756e-10	6.032646348424164e-18	1.
-4.567387015767794	-5.986113562784724e-10	6.243838801626734e-18	1.
-4.562329860458063	-6.090184086549129e-10	6.462419559075835e-18	1.
-4.557272705148332	-6.196060540515498e-10	6.688646935734072e-18	1.
-4.552215549838601	-6.303774220066635e-10	6.922788273248052e-18	1.
-4.547158394528869	-6.413356962374638e-10	7.165120255227598e-18	1.
-4.542101239219138	-6.524841155773558e-10	7.415929233621309e-18	1.
-4.537044083909407	-6.638259749295246e-10	7.675511566421951e-18	1.
-4.531986928599676	-6.753646262368315e-10	7.944173967046336e-18	1.
-4.526929773289945	-6.871034794686213e-10	8.222233866168103e-18	1.
-4.521872617980214	-6.990460036245437e-10	8.510019785945534e-18	1.
-4.516815462670483	-7.111957277556775e-10	8.807871727320585e-18	1.
-4.5117583073607515	-7.235562420034037e-10	9.11614157120837e-18	1.
-4.50670115205102	-7.361311986561964e-10	9.435193493100897e-18	1.
-4.501643996741289	-7.489243132246391e-10	9.765404392565595e-18	1.
-4.496586841431558	-7.619393655350923e-10	1.0107164337773079e-17	1.
-4.491529686121827	-7.751802008423108e-10	1.0460877025177035e-17	1.
-4.486472530812096	-7.88650730961162e-10	1.082696025562464e-17	1.
-4.4814153755023645	-8.023549354180571e-10	1.1205846426910461e-17	1.
-4.476358220192633	-8.162968626222151e-10	1.1597983043437116e-17	1.
-4.471301064882902	-8.304806310571269e-10	1.2003833243864767e-17	1.
-4.466243909573171	-8.449104304927705e-10	1.2423876347154875e-17	1.
-4.46118675426344	-8.595905232186315e-10	1.2858608417416367e-17	1.
-4.456129598953709	-8.745252452980772e-10	1.3308542848774337e-17	1.
-4.4510724436439775	-8.897190078445126e-10	1.3774210970790808e-17	1.
-4.446015288334246	-9.05176298319503e-10	1.425616267425931e-17	1.
-4.440958133024515	-9.209016818533534e-10	1.4754967059880306e-17	1.
-4.435900977714784	-9.368998025885946e-10	1.527121310882159e-17	1.
-4.430843822405053	-9.531753850465883e-10	1.580551037678733e-17	1.
-4.425786667095322	-9.697332355177935e-10	1.635848971283882e-17	1.
-4.4207295117855905	-9.865782434761535e-10	1.6930804002603898e-17	1.
-4.415672356475859	-1.0037153830177867e-9	1.7523128937766093e-17	1.
-4.410615201166128	-1.0211497143246228e-9	1.8136163812591458e-17	1.
-4.405558045856397	-1.0388863851534507e-9	1.8770632348008303e-17	1.
-4.400500890546666	-1.0569306323504925e-9	1.9427283544353353e-17	1.
-4.395443735236935	-1.0752877833923543e-9	2.0106892564315346e-17	1.
-4.390386579927204	-1.0939632579535575e-9	2.0810261646233667e-17	1.
-4.385329424617472	-1.1129625695011194e-9	2.1538221049301232e-17	1.
-4.380272269307741	-1.1322913269166313e-9	2.229163003216166e-17	1.
-4.37521511399801	-1.1519552361466142e-9	2.3071377865577298e-17	1.
-4.37015795868828	-1.1719601018812796e-9	2.3878384880050772e-17	1.
-4.3651008033785486	-1.1923118292622563e-9	2.4713603550020707e-17	1.
-4.360043648068817	-1.2130164256198483e-9	2.5578019616764852e-17	1.
-4.354986492759085	-1.234080002240489e-9	2.6472653249294556e-17	1.
-4.349929337449354	-1.2555087761644883e-9	2.7398560246394565e-17	1.
-4.344872182139624	-1.277309072015015e-9	2.8356833280867646e-17	1.
-4.339815026829893	-1.2994873238587989e-9	2.934860318673951e-17	1.
-4.334757871520161	-1.3220500770987289e-9	3.037504029137632e-17	1.
-4.3297007162104295	-1.345003990399414e-9	3.143735579462974e-17	1.
-4.324643560900699	-1.3683558376459582e-9	3.2536803195401383e-17	1.
-4.319586405590968	-1.3921125099364614e-9	3.36746797681944e-17	1.
-4.314529250281237	-1.416281017609176e-9	3.485232809213528e-17	1.
-4.309472094971506	-1.4408684923045892e-9	3.60711376315748e-17	1.
-4.304414939661775	-1.4658821890630785e-9	3.7332546373192166e-17	1.
-4.299357784352043	-1.491329488458967e-9	3.8638042520544784e-17	1.
-4.294300629042312	-1.5172178987715011e-9	3.998916624592733e-17	1.
-4.289243473732581	-1.5435550581931496e-9	4.138751150552078e-17	1.
-4.284186318422849	-1.5703487370763144e-9	4.2834727916562707e-17	1.
-4.279129163113119	-1.5976068402187175e-9	4.433252269996978e-17	1.
-4.274072007803388	-1.625337409188283e-9	4.5882662691716195e-17	1.
-4.269014852493656	-1.653548624688393e-9	4.748697642371466e-17	1.
-4.263957697183925	-1.682248808963782e-9	4.9147356276916984e-17	1.
-4.258900541874194	-1.7114464282480934e-9	5.086576071050147e-17	1.
-4.253843386564463	-1.7411500952539416e-9	5.264421656903698e-17	1.
-4.248786231254732	-1.7713685717057427e-9	5.448482146800585e-17	1.
-4.243729075945001	-1.8021107709164795e-9	5.638974626570416e-17	1.
-4.238671920635269	-1.8333857604090463e-9	5.836123761898e-17	1.
-4.233614765325538	-1.8652027645827258e-9	6.040162062837697e-17	1.
-4.228557610015807	-1.8975711674258687e-9	6.251330157790705e-17	1.
-4.223500454706076	-1.9305005152755573e-9	6.469877076702826e-17	1.
-4.218443299396345	-1.964000519624709e-9	6.69606054434623e-17	1.
-4.213386144086614	-1.9980810599778687e-9	6.930147283881531e-17	1.
-4.208328988776882	-2.0327521867565327e-9	7.172413330861806e-17	1.
-4.203271833467151	-2.0680241242542753e-9	7.42314435826371e-17	1.
-4.19821467815742	-2.1039072736433655e-9	7.682636012918228e-17	1.
-4.193157522847689	-2.1404122160331793e-9	7.951194263561811e-17	1.
-4.188100367537958	-2.177549715581372e-9	8.229135761018408e-17	1.
-4.183043212228227	-2.215330722658798e-9	8.516788211153669e-17	1.
-4.1779860569184954	-2.253766377069472e-9	8.814490760720232e-17	1.
-4.172928901608764	-2.292868011325992e-9	9.12259439658176e-17	1.
-4.167871746299033	-2.3326471539814103e-9	9.441462358842401e-17	1.
-4.162814590989302	-2.37311553301886e-9	9.771470568776186e-17	1.
-4.157757435679571	-2.41428507929987e-9	1.0113008071114033e-16	1.
-4.15270028036984	-2.4561679300719625e-9	1.046647749212003e-16	1.
-4.147643125060109	-2.4987764325370663e-9	1.0832295513710682e-16	1.
-4.142585969750377	-2.5421231474818485e-9	1.1210893363851774e-16	1.
-4.137528814440646	-2.586220852970217e-9	1.1602717324230448e-16	1.
-4.132471659130915	-2.6310825481002635e-9	1.2008229255678475e-16	1.
-4.127414503821184	-2.676721456825785e-9	1.2427907141729855e-16	1.
-4.122357348511453	-2.723151031843708e-9	1.2862245651278535e-16	1.
-4.1173001932017215	-2.7703849585491755e-9	1.331175672105719e-16	1.
-4.11224303789199	-2.818437159058621e-9	1.3776970157929137e-16	1.
-4.107185882582259	-2.867321796302314e-9	1.4258434262616487e-16	1.
-4.102128727272529	-2.917053278187939e-9	1.4756716475371402e-16	1.
-4.097071571962798	-2.967646261836089e-9	1.5272404043301463e-16	1.
-4.0920144166530665	-3.019115657888648e-9	1.580610471208191e-16	1.
-4.0869572613433345	-3.071476634892081e-9	1.6358447441040858e-16	1.
-4.081900106033603	-3.1247446237561358e-9	1.6930083143276187e-16	1.
-4.076842950723873	-3.1789353222895594e-9	1.7521685452032562e-16	1.
-4.071785795414142	-3.234064699814745e-9	1.8133951513345593e-16	1.
-4.06672864010441	-3.29014900186136e-9	1.8767602806400976e-16	1.
-4.061671484794679	-3.3472047549414405e-9	1.942338599280262e-16	1.
-4.056614329484948	-3.405248771407386e-9	2.010207379539839e-16	1.
-4.051557174175217	-3.464298154393317e-9	2.080446590724596e-16	1.
-4.046500018865486	-3.524370302842118e-9	2.1531389933165025e-16	1.
-4.041442863555755	-3.5854829166194837e-9	2.2283702363399887e-16	1.
-4.036385708246024	-3.647654001715947e-9	2.306228958125486e-16	1.
-4.0313285529362926	-3.7109018755391355e-9	2.386806890690934e-16	1.
-4.026271397626561	-3.775245172297496e-9	2.470198967606241e-16	1.
-4.02121424231683	-3.8407028484766855e-9	2.5565034357273606e-16	1.
-4.016157087007098	-3.907294188410933e-9	2.645821970836704e-16	1.
-4.011099931697368	-3.97503880995086e-9	2.7382597972377655e-16	1.
-4.006042776387637	-4.043956670228724e-9	2.833925811591402e-16	1.
-4.000985621077906	-4.114068071523769e-9	2.932932711053596e-16	1.
-3.9959284657681744	-4.1853936672288144e-9	3.035397125853188e-16	1.
-3.9908713104584432	-4.257954467919575e-9	3.141439756509149e-16	1.
-3.9858141551487125	-4.331771847529276e-9	3.2511855158903793e-16	1.
-3.980756999838981	-4.4068675496300296e-9	3.3647636761455114e-16	1.
-3.9756998445292497	-4.483263693822387e-9	3.482308020797998e-16	1.
-3.9706426892195186	-4.560982782235602e-9	3.6039570021628326e-16	1.
-3.965585533909788	-4.64004770614014e-9	3.729853904218222e-16	1.
-3.9605283786000562	-4.7204817526744726e-9	3.860147011184889e-16	1.
-3.955471223290325	-4.802308611687999e-9	3.994989781964535e-16	1.
-3.950414067980594	-4.885552382702338e-9	4.134541030685142e-16	1.
-3.9453569126708627	-4.970237581992887e-9	4.2789651135355446e-16	1.
-3.940299757361132	-5.056389149792771e-9	4.42843212210757e-16	1.
-3.935242602051401	-5.144032457621269e-9	4.583118083484275e-16	1.
-3.9301854467416693	-5.233193315738704e-9	4.743205167312208e-16	1.
-3.925128291431938	-5.3238979807304264e-9	4.908881900111923e-16	1.
-3.9200711361222074	-5.416173163221707e-9	5.0803433870305055e-16	1.
-3.915013980812476	-5.510046035726037e-9	5.25779154134689e-16	1.
-3.9099568255027446	-5.605544240628781e-9	5.441435321972844e-16	1.
-3.9048996701930134	-5.702695898309144e-9	5.631490979281466e-16	1.
-3.8998425148832823	-5.801529615402032e-9	5.828182309377218e-16	1.
-3.894785359573551	-5.9020744932031324e-9	6.03174091747447e-16	1.
-3.8897282042638204	-6.004360136219264e-9	6.242406490231536e-16	1.
-3.884671048954089	-6.1084166608660915e-9	6.460427077631456e-16	1.
-3.879613893644358	-6.214274704315873e-9	6.686059384788154e-16	1.
-3.8745567383346264	-6.321965433499014e-9	6.9195690738874465e-16	1.
-3.8694995830248957	-6.431520554260431e-9	7.161231076598531e-16	1.
-3.8644424277151646	-6.542972320674323e-9	7.411329917441262e-16	1.
-3.8593852724054334	-6.656353544519912e-9	7.67016004843994e-16	1.
-3.8543281170957018	-6.771697604921002e-9	7.93802619540106e-16	1.
-3.849270961785971	-6.889038458151883e-9	8.215243716293977e-16	1.
-3.84421380647624	-7.008410647612811e-9	8.502138972114108e-16	1.
-3.8391566511665087	-7.129849313977597e-9	8.799049710734548e-16	1.
-3.8340994958567776	-7.253390205517385e-9	9.106325464132409e-16	1.
-3.8290423405470464	-7.379069688601591e-9	9.424327959269022e-16	1.
-3.8239851852373152	-7.506924758380649e-9	9.753431543643118e-16	1.
-3.818928029927584	-7.636993049654149e-9	1.009402362548605e-15	1.
-3.813870874617853	-7.769312847925669e-9	1.0446505129274991e-15	1.
-3.8088137193081217	-7.903923100649464e-9	1.0811290967282862e-15	1.
-3.80375656399839	-8.04086342867113e-9	1.1188810527344214e-15	1.
-3.7986994086886594	-8.180174137865025e-9	1.1579508177798731e-15	1.
-3.7936422533789282	-8.321896230974506e-9	1.1983843790184119e-15	1.
-3.788585098069197	-8.466071419655764e-9	1.24022932798012e-15	1.
-3.7835279427594664	-8.612742136729367e-9	1.2835349165342608e-15	1.
-3.778470787449735	-8.761951548644606e-9	1.3283521148103486e-15	1.
-3.773413632140004	-8.91374356815787e-9	1.3747336711075486e-15	1.
-3.768356476830273	-9.06816286723059e-9	1.4227341739450139e-15	1.
-3.7632993215205417	-9.225254890150904e-9	1.4724101162228748e-15	1.
-3.7582421662108105	-9.385065866880564e-9	1.5238199616584558e-15	1.
-3.753185010901079	-9.547642826633795e-9	1.5770242135201582e-15	1.
-3.7481278555913478	-9.713033611689322e-9	1.6320854857483845e-15	1.
-3.7430707002816166	-9.88128689144257e-9	1.6890685766031321e-15	1.
-3.7380135449718854	-1.005245217669919e-8	1.748040544803881e-15	1.
-3.7329563896621547	-1.0226579834216e-8	1.80907078840412e-15	1.
-3.7278992343524235	-1.0403721101494107e-8	1.872231126368417e-15	1.
-3.7228420790426924	-1.0583928101826035e-8	1.9375958830025337e-15	1.
-3.7177849237329617	-1.0767253859604265e-8	2.0052419753429595e-15	1.
-3.71272776842323	-1.0953752315893126e-8	2.0752490035466127e-15	1.
-3.707670613113499	-1.114347834427018e-8	2.1476993445270486e-15	1.
-3.7026134578037677	-1.1336487766941366e-8	2.2226782487273626e-15	1.
-3.697556302494036	-1.1532837371133649e-8	2.3002739403773515e-15	1.
-3.6924991471843054	-1.1732584925772567e-8	2.380577721210823e-15	1.
-3.687441991874574	-1.1935789198446281e-8	2.4636840777642947e-15	1.
-3.682384836564843	-1.2142509972663735e-8	2.5496907924798904e-15	1.
-3.677327681255112	-1.2352808065410753e-8	2.638699058615761e-15	1.
-3.672270525945381	-1.2566745345008117e-8	2.7308135991923536e-15	1.
-3.66721337063565	-1.2784384749279861e-8	2.8261427901384775e-15	1.
-3.662156215325919	-1.3005790304035234e-8	2.9247987876433884e-15	1.
-3.6570990600161872	-1.3231027141868704e-8	3.0268976599778862e-15	1.
-3.6520419047064565	-1.3460161521286192e-8	3.132559523966287e-15	1.
-3.646984749396725	-1.3693260846160426e-8	3.241908686103917e-15	1.
-3.6419275940869937	-1.3930393685522363e-8	3.3550737887309492e-15	1.
-3.6368704387772626	-1.4171629793696517e-8	3.472187961199102e-15	1.
-3.6318132834675314	-1.4417040130781413e-8	3.593388976354033e-15	1.
-3.6267561281578007	-1.4666696883485937e-8	3.7188194124765926e-15	1.
-3.6216989728480695	-1.4920673486324175e-8	3.848626820797163e-15	1.
-3.6166418175383384	-1.5179044643177254e-8	3.982963899019505e-15	1.
-3.611584662228607	-1.5441886349226976e-8	4.121988670656906e-15	1.
-3.6065275069188756	-1.5709275913268092e-8	4.265864670837123e-15	1.
-3.601470351609145	-1.5981291980407463e-8	4.414761138490248e-15	1.
-3.5964131962994137	-1.6258014555153838e-8	4.568853215207638e-15	1.
-3.591356040989682	-1.6539525024907317e-8	4.728322151122624e-15	1.
-3.586298885679951	-1.6825906183854438e-8	4.893355517854494e-15	1.
-3.58124173037022	-1.7117242257274334e-8	5.064147428944184e-15	1.
-3.576184575060489	-1.7413618926267288e-8	5.240898768049541e-15	1.
-3.571127419750758	-1.7715123352909514e-8	5.4238174249440795e-15	1.
-3.5660702644410267	-1.8021844205841312e-8	5.613118539810472e-15	1.
-3.561013109131296	-1.8333871686298942e-8	5.8090247561122424e-15	1.
-3.555955953821565	-1.865129755459439e-8	6.011766482121007e-15	1.
-3.550898798511833	-1.8974215157052787e-8	6.221582161792025e-15	1.
-3.545841643202102	-1.9302719453417157e-8	6.438718554863724e-15	1.
-3.540784487892371	-1.9636907044723587e-8	6.6634310268582e-15	1.
-3.5357273325826397	-1.997687620166044e-8	6.895983849150717e-15	1.
-3.5306701772729085	-2.0322726893414905e-8	7.136650509407318e-15	1.
-3.5256130219631774	-2.0674560817020105e-8	7.38571403309697e-15	1.
-3.5205558666534467	-2.1032481427206835e-8	7.643467315839933e-15	1.
-3.5154987113437155	-2.1396593966771658e-8	7.910213467714314e-15	1.
-3.5104415560339843	-2.176700549747119e-8	8.186266169354588e-15	1.
-3.505384400724253	-2.214382493144701e-8	8.471950040473687e-15	1.
-3.5003272454145216	-2.2527163063196317e-8	8.767601021346885e-15	1.
-3.495270090104791	-2.291713260209271e-8	9.07356676738991e-15	1.
-3.4902129347950597	-2.331384820546767e-8	9.390207057654463e-15	1.
-3.485155779485328	-2.3717426512265836e-8	9.717894217643375e-15	1.
-3.480098624175597	-2.412798617728137e-8	1.005701355661852e-14	1.
-3.4750414688658657	-2.4545647905983023e-8	1.0407963820292111e-14	1.
-3.469984313556135	-2.4970534489943758e-8	1.0771157659341573e-14	1.
-3.464927158246404	-2.540277084287901e-8	1.1147022114052372e-14	1.
-3.4598700029366727	-2.5842484037309005e-8	1.153599911623793e-14	1.
-3.4548128476269415	-2.6289803341855906e-8	1.1938546008198582e-14	1.
-3.449755692317211	-2.67448602591811e-8	1.2355136080125175e-14	1.
-3.444698537007479	-2.7207788564582035e-8	1.2786259126072055e-14	1.
-3.439641381697748	-2.767872434525117e-8	1.3232422019208307e-14	1.
-3.434584226388017	-2.8157806040217003e-8	1.3694149307486615e-14	1.
-3.4295270710782852	-2.8645174480970863e-8	1.4171983829504875e-14	1.
-3.4244699157685545	-2.9140972932796665e-8	1.4666487352476233e-14	1.
-3.4194127604588234	-2.9645347136817427e-8	1.5178241231976694e-14	1.
-3.414355605149092	-3.015844535276271e-8	1.570784709482803e-14	1.
-3.409298449839361	-3.068041840247881e-8	1.6255927545913115e-14	1.
-3.4042412945296303	-3.121141971418825e-8	1.6823126899244328e-14	1.
-3.399184139219899	-3.1751605367511524e-8	1.741011193491091e-14	1.
-3.394126983910168	-3.2301134139269795e-8	1.8017572682421718e-14	1.
-3.3890698286004364	-3.286016755007868e-8	1.8646223230982837e-14	1.
-3.384012673290705	-3.3428869911741793e-8	1.9296802568286847e-14	1.
-3.378955517980974	-3.4007408375468906e-8	1.9970075448496532e-14	1.
-3.373898362671243	-3.4595952980920096e-8	2.066683329027825e-14	1.
-3.3688412073615117	-3.519467670610071e-8	2.138789510675223e-14	1.
-3.3637840520517805	-3.580375551811902e-8	2.2134108466923095e-14	1.
-3.35872689674205	-3.642336842481582e-8	2.2906350491461184e-14	1.
-3.3536697414323187	-3.705369752729026e-8	2.37055288827364e-14	1.
-3.3486125861225875	-3.769492807332781e-8	2.453258299068033e-14	1.
-3.3435554308128563	-3.834724851175492e-8	2.5388484916285716e-14	1.
-3.3384982755031247	-3.9010850547728035e-8	2.627424065275745e-14	1.
-3.333441120193394	-3.9685929198978345e-8	2.7190891267494222e-14	1.
-3.328383964883663	-4.037268285303206e-8	2.813951412430068e-14	1.
-3.3233268095739312	-4.1071313325410724e-8	2.9121224148682005e-14	1.
-3.3182696542642005	-4.1782025918843535e-8	3.0137175137302764e-14	1.
-3.3132124989544693	-4.250502948349681e-8	3.118856111236245e-14	1.
-3.308155343644738	-4.324053647824632e-8	3.2276617724552894e-14	1.
-3.303098188335007	-4.398876303300423e-8	3.340262370304469e-14	1.
-3.2980410330252763	-4.4749929012122776e-8	3.456790235783706e-14	1.
-3.292983877715545	-4.552425807889724e-8	3.577382313341811e-14	1.
-3.287926722405814	-4.631197776117436e-8	3.70218032165366e-14	1.
-3.2828695670960824	-4.711331951810066e-8	3.831330920077293e-14	1.
-3.277812411786351	-4.79285188080196e-8	3.9649858807985134e-14	1.
-3.2727552564766196	-4.8757815157536895e-8	4.103302267045165e-14	1.
-3.267698101166889	-4.960145223178385e-8	4.2464426175556616e-14	1.
-3.2626409458571577	-5.045967790589423e-8	4.3945751373815396e-14	1.
-3.2575837905474265	-5.1332744337708236e-8	4.5478738953609475e-14	1.
-3.252526635237696	-5.2220908041738513e-8	4.706519028526767e-14	1.
-3.2474694799279646	-5.3124429964405536e-8	4.870696953535124e-14	1.
-3.2424123246182335	-5.404357556057605e-8	5.040600585630425e-14	1.
-3.2373551693085023	-5.497861487142557e-8	5.216429565042401e-14	1.
-3.2322980139987707	-5.592982260363596e-8	5.398390491406245e-14	1.
-3.22724085868904	-5.6897478209969307e-8	5.586697166332056e-14	1.
-3.222183703379309	-5.788186597122522e-8	5.781570844314104e-14	1.
-3.217126548069577	-5.888327507961769e-8	5.983240492596812e-14	1.
-3.212069392759846	-5.990199972358418e-8	6.191943059811019e-14	1.
-3.2070122374501153	-6.093833917406331e-8	6.407923754280717e-14	1.
-3.201955082140384	-6.199259787226465e-8	6.631436331801524e-14	1.
-3.196897926830653	-6.306508551894399e-8	6.862743393495222e-14	1.
-3.191840771520922	-6.415611716522756e-8	7.102116694157552e-14	1.
-3.1867836162111907	-6.526601330500139e-8	7.34983746112149e-14	1.
-3.18172646090146	-6.639509996888753e-8	7.606196724414658e-14	1.
-3.1766693055917283	-6.754370881985166e-8	7.871495658437625e-14	1.
-3.171612150281997	-6.871217725045914e-8	8.146045935417359e-14	1.
-3.1665549949722656	-6.990084848180281e-8	8.43017009120755e-14	1.
-3.161497839662535	-7.111007166414577e-8	8.724201903885683e-14	1.
-3.1564406843528037	-7.234020197929092e-8	9.028486785440059e-14	1.
-3.1513835290430725	-7.35916007447229e-8	9.343382187332582e-14	1.
-3.1463263737333413	-7.486463551955308e-8	9.669258019923737e-14	1.
-3.14126921842361	-7.615968021227901e-8	1.0006497086549477e-13	1.
-3.1362120631138795	-7.747711519041025e-8	1.03554955329086e-13	1.
-3.1311549078041483	-7.881732739198789e-8	1.071666331193613e-13	1.
-3.1260977524944167	-8.018071043902086e-8	1.1090424664840354e-13	1.
-3.1210405971846855	-8.156766475288388e-8	1.147721861908356e-13	1.
-3.115983441874955	-8.297859767170818e-8	1.1877499503549881e-13	1.
-3.110926286565223	-8.44139235697909e-8	1.229173748162662e-13	1.
-3.105869131255492	-8.587406397907033e-8	1.2720419103136288e-13	1.
-3.100811975945761	-8.735944771268709e-8	1.316404787478423e-13	1.
-3.09575482063603	-8.88705109906885e-8	1.3623144851915558e-13	1.
-3.090697665326299	-9.040769756790881e-8	1.4098249248961938e-13	1.
-3.085640510016568	-9.197145886401793e-8	1.4589919072603746e-13	1.
-3.0805833547068366	-9.356225409585244e-8	1.5098731776484037e-13	1.
-3.075526199397106	-9.518055041201004e-8	1.562528493876745e-13	1.
-3.0704690440873743	-9.682682302977391e-8	1.6170196963245925e-13	1.
-3.065411888777643	-9.850155537438808e-8	1.67341078048308e-13	1.
-3.060354733467912	-1.0020523922074364e-7	1.7317679720549432e-13	1.
-3.0552975781581804	-1.0193837483750735e-7	1.7921598046437357e-13	1.
-3.0502404228484497	-1.0370147113372952e-7	1.8546572001511786e-13	1.
-3.0451832675387185	-1.0549504580798662e-7	1.9193335519990672e-13	1.
-3.0401261122289873	-1.0731962550009593e-7	1.9862648112208354e-13	1.
-3.035068956919256	-1.0917574594543808e-7	2.0555295755554827e-13	1.
-3.030011801609525	-1.1106395213195014e-7	2.1272091816696131e-13	1.
-3.0249546462997943	-1.129847984598228e-7	2.2013878005599267e-13	1.
-3.0198974909900627	-1.1493884890394665e-7	2.27815253628351e-13	1.
-3.0148403356803315	-1.1692667717916202e-7	2.357593528153059e-13	1.
-3.0097831803706008	-1.1894886690836505e-7	2.439804056456989e-13	1.
-3.004726025060869	-1.210060117934967e-7	2.52488065186711e-13	1.
-2.999668869751138	-1.230987157894924e-7	2.612923208685786e-13	1.
-2.994611714441407	-1.2522759328122825e-7	2.7040351019977116e-13	1.
-2.9895545591316757	-1.2739326926351002e-7	2.7983233089106906e-13	1.
-2.984497403821945	-1.2959637952417278e-7	2.895898534048175e-13	1.
-2.979440248512214	-1.318375708303387e-7	2.996875339367484e-13	1.
-2.9743830932024826	-1.3411750111787075e-7	3.1013722785143126e-13	1.
-2.9693259378927515	-1.3643683968410872e-7	3.2095120358831505e-13	1.
-2.96426878258302	-1.3879626738392222e-7	3.321421570470418e-13	1.
-2.959211627273289	-1.4119647682913167e-7	3.437232264760004e-13	1.
-2.954154471963558	-1.4363817259138278e-7	3.5570800788190423e-13	1.
-2.9490973166538264	-1.4612207140850952e-7	3.681105709700372e-13	1.
-2.944040161344095	-1.4864890239444597e-7	3.8094547564378933e-13	1.
-2.9389830060343645	-1.5121940725277712e-7	3.9422778907867426e-13	1.
-2.9339258507246333	-1.5383434049392653e-7	4.0797310338068287e-13	1.
-2.928868695414902	-1.5649446965614672e-7	4.2219755389269077e-13	1.
-2.923811540105171	-1.592005755302836e-7	4.3691783807770294e-13	1.
-2.9187543847954402	-1.6195345238839046e-7	4.5215123512280263e-13	1.
-2.913697229485709	-1.6475390821632018e-7	4.679156261862335e-13	1.
-2.9086400741759775	-1.6760276495031142e-7	4.842295153660412e-13	1.
-2.9035829188662463	-1.7050085871765043e-7	5.011120513878017e-13	1.
-2.8985257635565147	-1.734490400814688e-7	5.185830500561873e-13	1.
-2.893468608246784	-1.7644817428977208e-7	5.366630174869988e-13	1.
-2.888411452937053	-1.7949914152875708e-7	5.553731741389953e-13	1.
-2.8833542976273216	-1.826028371804748e-7	5.747354796928948e-13	1.
-2.8782971423175905	-1.85760172084955e-7	5.947726587943466e-13	1.
-2.8732399870078598	-1.8897207280683282e-7	6.155082276824962e-13	1.
-2.8681828316981286	-1.9223948190655983e-7	6.369665217590621e-13	1.
-2.8631256763883974	-1.9556335821630494e-7	6.591727241130457e-13	1.
-2.858068521078666	-1.9894467712059378e-7	6.821528950266916e-13	1.
-2.853011365768935	-2.0238443084177189e-7	7.059340025252583e-13	1.
-2.847954210459204	-2.058836287304077e-7	7.305439539835865e-13	1.
-2.8428970551494723	-2.0944329756067847e-7	7.560116288203471e-13	1.
-2.837839899839741	-2.1306448183083204e-7	7.823669123502973e-13	1.
-2.83278274453001	-2.1674824406885024e-7	8.096407308056229e-13	1.
-2.8277255892202793	-2.2049566514335254e-7	8.378650875624441e-13	1.
-2.822668433910548	-2.2430784457984968e-7	8.670731006525571e-13	1.
-2.817611278600817	-2.2818590088245744e-7	8.97299041567728e-13	1.
-2.812554123291086	-2.321309718611392e-7	9.285783754001415e-13	1.
-2.807496967981355	-2.3614421496456426e-7	9.609478024085569e-13	1.
-2.8024398126716235	-2.402268076187329e-7	9.9444530101404e-13	1.
-2.7973826573618923	-2.4437994757139206e-7	1.0291101722765912e-12	1.
-2.7923255020521607	-2.486048532423883e-7	1.0649830859538538e-12	1.
-2.78726834674243	-2.529027640800641e-7	1.1021061281400695e-12	1.
-2.782211191432699	-2.572749409237753e-7	1.140522850547387e-12	1.
-2.7771540361229676	-2.6172266637262496e-7	1.1802783215418262e-12	1.
-2.7720968808132365	-2.662472451605884e-7	1.2214191789265076e-12	1.
-2.7670397255035053	-2.708500045380484e-7	1.263993684546098e-12	1.
-2.7619825701937746	-2.7553229465990536e-7	1.3080517808445933e-12	1.
-2.7569254148840434	-2.802954889803885e-7	1.353645149314858e-12	1.
-2.751868259574312	-2.8514098465457885e-7	1.4008272710488408e-12	1.
-2.7468111042645806	-2.900702029469768e-7	1.4496534893999745e-12	1.
-2.7417539489548495	-2.950845896469702e-7	1.5001810746959465e-12	1.
-2.736696793645118	-3.001856154914733e-7	1.5524692913729519e-12	1.
-2.731639638335387	-3.0537477659486256e-7	1.6065794673568288e-12	1.
-2.726582483025656	-3.1065359488630913e-7	1.6625750658624336e-12	1.
-2.721525327715925	-3.160236185545952e-7	1.720521759668624e-12	1.
-2.716468172406194	-3.214864225005814e-7	1.7804875080475315e-12	1.
-2.711411017096463	-3.2704360879749487e-7	1.842542636303812e-12	1.
-2.7063538617867318	-3.3269680715907604e-7	1.9067599180685595e-12	1.
-2.7012967064770006	-3.384476754157862e-7	1.9732146605378243e-12	1.
-2.696239551167269	-3.4429789999923247e-7	2.041984792594867e-12	1.
-2.6911823958575383	-3.502491964348683e-7	2.1131509559894237e-12	1.
-2.6861252405478067	-3.563033098431778e-7	2.186796599781013e-12	1.
-2.6810680852380755	-3.624620154495016e-7	2.263008077968817e-12	1.
-2.6760109299283443	-3.687271191025694e-7	2.341874750515091e-12	1.
-2.6709537746186136	-3.751004578019636e-7	2.423489087985364e-12	1.
-2.6658966193088824	-3.81583900234673e-7	2.5079467797107328e-12	1.
-2.6608394639991513	-3.8817934732080413e-7	2.5953468457164598e-12	1.
-2.6557823086894206	-3.9488873276869263e-7	2.68579175265849e-12	1.
-2.650725153379689	-4.017140236395831e-7	2.7793875336534104e-12	1.
-2.645667998069958	-4.0865722092193007e-7	2.876243912286731e-12	1.
-2.6406108427602266	-4.1572036011560655e-7	2.976474431064072e-12	1.
-2.6355536874504955	-4.229055118261652e-7	3.0801965841649013e-12	1.
-2.6304965321407647	-4.3021478236922915e-7	3.1875319548332916e-12	1.
-2.625439376831033	-4.3765031438530796e-7	3.2986063576918618e-12	1.
-2.620382221521302	-4.4521428746517995e-7	3.4135499858107927e-12	1.
-2.615325066211571	-4.529089187859436e-7	3.5324975629232337e-12	1.
-2.6102679109018396	-4.6073646375802753e-7	3.655588501095517e-12	1.
-2.605210755592109	-4.6869921668332813e-7	3.782967063652951e-12	1.
-2.6001536002823777	-4.7679951142455383e-7	3.914782533816921e-12	1.
-2.595096444972646	-4.850397220861271e-7	4.051189389412537e-12	1.
-2.5900392896629154	-4.934222637067433e-7	4.192347483218252e-12	1.
-2.584982134353184	-5.01949592963729e-7	4.3384222300564905e-12	1.
-2.579924979043453	-5.106242088896978e-7	4.489584800140577e-12	1.
-2.574867823733722	-5.19448653601236e-7	4.646012318926201e-12	1.
-2.5698106684239903	-5.28425513040182e-7	4.807888074305833e-12	1.
-2.5647535131142596	-5.375574177276586e-7	4.975401730874155e-12	1.
-2.5596963578045284	-5.468470435310231e-7	5.148749551440573e-12	1.
-2.5546392024947973	-5.56297112443859e-7	5.328134626330181e-12	1.
-2.549582047185066	-5.659103933794389e-7	5.513767110889526e-12	1.
-2.5445248918753345	-5.756897029777881e-7	5.705864470836008e-12	1.
-2.5394677365656038	-5.856379064264466e-7	5.904651736283312e-12	1.
-2.5344105812558726	-5.957579182954338e-7	6.11036176483753e-12	1.
-2.5293534259461414	-6.060527033864904e-7	6.3232355134401266e-12	1.
-2.5242962706364103	-6.165252775967464e-7	6.543522319617144e-12	1.
-2.519239115326679	-6.271787087972694e-7	6.771480193142549e-12	1.
-2.514181960016948	-6.380161177267531e-7	7.007376116956223e-12	1.
-2.5091248047072168	-6.490406789002711e-7	7.251486358958128e-12	1.
-2.5040676493974856	-6.602556215337399e-7	7.504096794793495e-12	1.
-2.4990104940877544	-6.716642304842275e-7	7.765503241479628e-12	1.
-2.4939533387780237	-6.832698472075653e-7	8.036012033638715e-12	1.
-2.488896183468292	-6.95075870724601e-7	8.315939226096385e-12	1.
-2.483839028158561	-7.07085758622789e-7	8.605613271639687e-12	1.
-2.4787818728488302	-7.193030280513896e-7	8.905373100534542e-12	1.
-2.473724717539099	-7.317312567491877e-7	9.215569659622787e-12	1.
-2.468667562229368	-7.443740840853628e-7	9.536566101271002e-12	1.
-2.4636104069196363	-7.572352121184263e-7	9.86873820124431e-12	1.
-2.458553251609905	-7.703184066719088e-7	1.0212474800649207e-11	1.
-2.453496096300174	-7.836274984313056e-7	1.0568178256616907e-11	1.
-2.4484389409904432	-7.971663840561674e-7	1.0936264913195271e-11	1.
-2.443381785680712	-8.109390273150345e-7	1.1317165587338023e-11	1.
-2.4383246303709805	-8.249494602359694e-7	1.1711326069311191e-11	1.
-2.4332674750612493	-8.392017842798391e-7	1.2119207644112276e-11	1.
-2.4282103197515186	-8.537001715321244e-7	1.2541287631061254e-11	1.
-2.4231531644417874	-8.684488659147921e-7	1.297805993476872e-11	1.
-2.4180960091320562	-8.834521844198991e-7	1.3430035627092757e-11	1.
-2.4130388538223255	-8.987145183635511e-7	1.3897743538830111e-11	1.
-2.4079816985125935	-9.142403346614572e-7	1.4381730877559797e-11	1.
-2.4029245432028628	-9.30034177126166e-7	1.4882563865262057e-11	1.
-2.3978673878931316	-9.461006677865118e-7	1.540082839761445e-11	1.
-2.3928102325834004	-9.624445082295404e-7	1.5937130726830702e-11	1.
-2.3877530772736697	-9.790704809652884e-7	1.649209816811936e-11	1.
-2.382695921963938	-9.959834508147984e-7	1.706637983017213e-11	1.
-2.377638766654207	-1.0131883663218563e-6	1.7660647370917822e-11	1.
-2.3725816113444758	-1.0306902611887705e-6	1.827559577994793e-11	1.
-2.3675244560347446	-1.048494255736551e-6	1.8911944187987716e-11	1.
-2.362467300725014	-1.066605558389941e-6	1.9570436703303876e-11	1.
-2.3574101454152823	-1.0850294671879897e-6	2.025184327935172e-11	1.
-2.352352990105551	-1.1037713713199315e-6	2.0956960608435537e-11	1.
-2.34729583479582	-1.1228367526873827e-6	2.1686613051658393e-11	1.
-2.3422386794860888	-1.1422311874932836e-6	2.2441653596868395e-11	1.
-2.337181524176358	-1.161960347857819e-6	2.3222964850372188e-11	1.
-2.3321243688666264	-1.1820300034613826e-6	2.4031460065029162e-11	1.
-2.3270672135568953	-1.2024460232162125e-6	2.4868084201998326e-11	1.
-2.3220100582471646	-1.2232143769659937e-6	2.5733815028678678e-11	1.
-2.3169529029374334	-1.2443411372140496e-6	2.6629664257443092e-11	1.
-2.3118957476277022	-1.2658324808816208e-6	2.755667872035391e-11	1.
-2.306838592317971	-1.2876946910957442e-6	2.8515941587364253e-11	1.
-2.3017814370082395	-1.309934159006954e-6	2.9508573623519485e-11	1.
-2.2967242816985087	-1.332557385638687e-6	3.0535734493685454e-11	1.
-2.2916671263887776	-1.3555709837676946e-6	3.159862410830823e-11	1.
-2.2866099710790464	-1.3789816798358997e-6	3.26984840170069e-11	1.
-2.2815528157693152	-1.4027963158955163e-6	3.3836598852477124e-11	1.
-2.276495660459584	-1.427021851586705e-6	3.5014297821851317e-11	1.
-2.271438505149853	-1.451665366148971e-6	3.623295624977576e-11	1.
-2.2663813498401217	-1.4767340604661344e-6	3.7493997173385423e-11	1.
-2.2613241945303906	-1.5022352591465148e-6	3.879889299788027e-11	1.
-2.25626703922066	-1.5281764126382317e-6	4.0149167203706754e-11	1.
-2.2512098839109282	-1.554565099380318e-6	4.1546396112268224e-11	1.
-2.246152728601197	-1.581409027989816e-6	4.299221071841848e-11	1.
-2.241095573291466	-1.608716039486757e-6	4.4488298580488056e-11	1.
-2.2360384179817347	-1.636494109556009e-6	4.6036405775957456e-11	1.
-2.230981262672004	-1.664751350847464e-6	4.763833892976594e-11	1.
-2.225924107362273	-1.6934960153157794e-6	4.929596730547225e-11	1.
-2.2208669520525413	-1.7227364965986188e-6	5.101122497394655e-11	1.
-2.21580979674281	-1.7524813324362825e-6	5.27861130543002e-11	1.
-2.210752641433079	-1.7827392071312201e-6	5.4622702031800355e-11	1.
-2.205695486123348	-1.8135189540491512e-6	5.6523134156640325e-11	1.
-2.200638330813617	-1.8448295581632444e-6	5.848962592674989e-11	1.
-2.1955811755038854	-1.8766801586400935e-6	6.052447065059856e-11	1.
-2.1905240201941543	-1.9090800514702814e-6	6.263004110829142e-11	1.
-2.1854668648844235	-1.942038692142876e-6	6.480879229204998e-11	1.
-2.1804097095746924	-1.9755656983645304e-6	6.706326424835604e-11	1.
-2.175352554264961	-2.0096708528251695e-6	6.939608502113451e-11	1.
-2.1702953989552296	-2.0443641060102884e-6	7.180997368668514e-11	1.
-2.1652382436454984	-2.0796555790593894e-6	7.430774349983052e-11	1.
-2.1601810883357677	-2.1155555666742485e-6	7.689230514858995e-11	1.
-2.1551239330260366	-2.152074540074508e-6	7.956667011359912e-11	1.
-2.1500667777163054	-2.1892231500042102e-6	8.233395415696719e-11	1.
-2.145009622406574	-2.2270122297883194e-6	8.519738091356188e-11	1.
-2.139952467096843	-2.265452798439958e-6	8.816028561669464e-11	1.
-2.134895311787112	-2.3045560638211357e-6	9.12261189559739e-11	1.
-2.1298381564773807	-2.3443334258555475e-6	9.43984510511181e-11	1.
-2.12478100116765	-2.3847964797954203e-6	9.768097558364974e-11	1.
-2.119723845857919	-2.4259570195439724e-6	1.0107751405210421e-10	1.
-2.1146666905481872	-2.467827041032137e-6	1.045920201778469e-10	1.
-2.109609535238456	-2.510418745652639e-6	1.0822858447696936e-10	1.
-2.104552379928725	-2.5537445437522073e-6	1.1199143896412296e-10	1.
-2.099495224618994	-2.597817058180521e-6	1.158849620392293e-10	1.
-2.094438069309263	-2.6426491279008063e-6	1.199136835300031e-10	1.
-2.0893809139995314	-2.6882538116589192e-6	1.240822899098592e-10	1.
-2.0843237586898002	-2.7346443917138017e-6	1.2839562969739157e-10	1.
-2.079266603380069	-2.78183437763217e-6	1.3285871904066935e-10	1.
-2.0742094480703384	-2.829837510143915e-6	1.3747674748256144e-10	1.
-2.069152292760607	-2.87866776506411e-6	1.4225508394916036e-10	1.
-2.0640951374508756	-2.9283393572795665e-6	1.4719928291142803e-10	1.
-2.0590379821411444	-2.978866744800482e-6	1.5231509077036066e-10	1.
-2.0539808268314133	-3.0302646328820214e-6	1.5760845248407473e-10	1.
-2.0489236715216825	-3.0825479782128317e-6	1.6308551837921298e-10	1.
-2.0438665162119514	-3.135731993174184e-6	1.687526512298573e-10	1.
-2.0388093609022198	-3.189832150168844e-6	1.746164335569901e-10	1.
-2.0337522055924886	-3.244864186023184e-6	1.8068367519684443e-10	1.
-2.028695050282758	-3.3008441064613394e-6	1.869614211049544e-10	1.
-2.0236378949730267	-3.3577881906543342e-6	1.9345695945454932e-10	1.
-2.0185807396632955	-3.4157129958443843e-6	2.0017782997866482e-10	1.
-2.0135235843535644	-3.4746353620456236e-6	2.0713183263451764e-10	1.
-2.008466429043833	-3.534572416823582e-6	2.143270365256877e-10	1.
-2.003409273734102	-3.5955415801523107e-6	2.2177178916213528e-10	1.
-1.9983521184243709	-3.657560569353865e-6	2.2947472601323012e-10	1.
-1.99329496311464	-3.7206474041171375e-6	2.374447803950677e-10	1.
-1.9882378078049088	-3.7848204116020475e-6	2.456911937028428e-10	1.
-1.9831806524951774	-3.85009823162573e-6	2.5422352596876164e-10	1.
-1.9781234971854462	-3.916499821936211e-6	2.630516668137967e-10	1.
-1.9730663418757153	-3.98404446357163e-6	2.7218584673312104e-10	1.
-1.9680091865659841	-4.052751766308573e-6	2.8163664881039955e-10	1.
-1.962952031256253	-4.122641674199992e-6	2.914150207772792e-10	1.
-1.9578948759465216	-4.193734471203441e-6	3.0153228754237475e-10	1.
-1.9528377206367904	-4.266050786903851e-6	3.1200016409958575e-10	1.
-1.9477805653270595	-4.339611602327185e-6	3.228307688850593e-10	1.
-1.9427234100173285	-4.414438255852733e-6	3.340366376244454e-10	1.
-1.9376662547075973	-4.490552449219883e-6	3.456307375875848e-10	1.
-1.9326090993978662	-4.567976253635378e-6	3.576264823929528e-10	1.
-1.9275519440881346	-4.646732115978454e-6	3.700377472507335e-10	1.
-1.9224947887784036	-4.726842865109381e-6	3.828788847917139e-10	1.
-1.9174376334686725	-4.808331718279897e-6	3.9616474135896146e-10	1.
-1.9123804781589415	-4.89122228764866e-6	4.099106739332561e-10	1.
-1.9073233228492106	-4.975538586903658e-6	4.241325675395544e-10	1.
-1.902266167539479	-5.061305037990853e-6	4.388468533417461e-10	1.
-1.897209012229748	-5.148546477955132e-6	4.540705272623163e-10	1.
-1.8921518569200169	-5.237288165889045e-6	4.698211692920731e-10	1.
-1.8870947016102857	-5.3275557899985325e-6	4.861169634334897e-10	1.
-1.8820375463005548	-5.419375474779162e-6	5.029767182911985e-10	1.
-1.8769803909908231	-5.51277378831267e-6	5.204198884365879e-10	1.
-1.8719232356810922	-5.607777749679403e-6	5.384665963684842e-10	1.
-1.866866080371361	-5.704414836490446e-6	5.571376553686027e-10	1.
-1.86180892506163	-5.8027129925440984e-6	5.764545929769267e-10	1.
-1.856751769751899	-5.9027006356031325e-6	5.964396754019652e-10	1.
-1.8516946144421673	-6.004406665300246e-6	6.171159326064586e-10	1.
-1.8466374591324364	-6.1078604711676954e-6	6.385071843876342e-10	1.
-1.8415803038227054	-6.213091940800795e-6	6.606380672141212e-10	1.
-1.8365231485129743	-6.3201314681471585e-6	6.835340620322544e-10	1.
-1.8314659932032433	-6.429009961935112e-6	7.072215230140682e-10	1.
-1.826408837893512	-6.539758854231628e-6	7.31727707191928e-10	1.
-1.8213516825837806	-6.6524101091424466e-6	7.570808052317324e-10	1.
-1.8162945272740494	-6.7669962316477e-6	7.833099730550151e-10	1.
-1.8112373719643184	-6.883550276581164e-6	8.104453647384023e-10	1.
-1.8061802166545875	-7.002105857752251e-6	8.385181662735245e-10	1.
-1.8011230613448563	-7.122697157212152e-6	8.675606307185922e-10	1.
-1.7960659060351247	-7.245358934671818e-6	8.976061142962835e-10	1.
-1.7910087507253938	-7.370126537062557e-6	9.286891138311275e-10	1.
-1.7859515954156628	-7.497035908257156e-6	9.608453054557593e-10	1.
-1.7808944401059317	-7.626123598937305e-6	9.941115844852986e-10	1.
-1.7758372847962005	-7.757426776624447e-6	1.0285261068052293e-9	1.
-1.770780129486469	-7.890983235862724e-6	1.0641283314178299e-9	1.
-1.765722974176738	-8.02683140856859e-6	1.1009590646856678e-9	1.
-1.760665818867007	-8.165010374539729e-6	1.13906050573721e-9	1.
-1.7556086635572759	-8.305559872131233e-6	1.1784762937302825e-9	1.
-1.7505515082475447	-8.448520309101032e-6	1.2192515563251286e-9	1.
-1.7454943529378137	-8.593932773621496e-6	1.2614329601021297e-9	1.
-1.7404371976280824	-8.74183904546835e-6	1.3050687624222758e-9	1.
-1.7353800423183512	-8.892281607383524e-6	1.3502088651617562e-9	1.
-1.73032288700862	-9.045303656612444e-6	1.3969048701150945e-9	1.
-1.725265731698889	-9.200949116627546e-6	1.4452101363804173e-9	1.
-1.720208576389158	-9.359262649027788e-6	1.4951798394174154e-9	1.
-1.7151514210794263	-9.520289665628178e-6	1.5468710323547767e-9	1.
-1.7100942657696954	-9.68407634073441e-6	1.6003427091502921e-9	1.
-1.7050371104599644	-9.850669623611191e-6	1.655655869788029e-9	1.
-1.6999799551502333	-0.000010020117251137133	1.7128735878138036e-9	1.
-1.6949227998405023	-0.000010192467760661876	1.7720610799380705e-9	1.
-1.6898656445307707	-0.000010367770503058978	1.833285778093095e-9	1.
-1.6848084892210395	-0.000010546075655976859	1.896617403645249e-9	1.
-1.6797513339113086	-0.000010727434237299165	1.962128044381023e-9	1.
-1.6746941786015774	-0.000010911898118805916	2.029892233566755e-9	1.
-1.6696370232918465	-0.000011099520040046497	2.0999870321498553e-9	1.
-1.6645798679821149	-0.000011290353622423419	2.172492113236075e-9	1.
-1.6595227126723837	-0.00001148445338349463	2.247489849547672e-9	1.
-1.6544655573626528	-0.000011681874751484769	2.3250654036338105e-9	1.
-1.6494084020529218	-0.000011882674080025819	2.4053068211660746e-9	1.
-1.6443512467431907	-0.000012086908663115938	2.4883051273313248e-9	1.
-1.6392940914334597	-0.000012294636750304784	2.574154425967404e-9	1.
-1.6342369361237281	-0.000012505917562109663	2.6629520026248587e-9	1.
-1.629179780813997	-0.00001272081130566218	2.754798430284199e-9	1.
-1.624122625504266	-0.000012939379190588355	2.849797679139189e-9	1.
-1.619065470194535	-0.000013161683445128689	2.9480572294138165e-9	1.
-1.614008314884804	-0.000013387787332501367	3.0496881884008788e-9	1.
-1.6089511595750723	-0.000013617755167501296	3.1548054106333646e-9	1.
-1.6038940042653413	-0.000013851652333354131	3.2635276226994526e-9	1.
-1.5988368489556102	-0.000014089545298814615	3.3759775516689893e-9	1.
-1.5937796936458792	-0.000014331501635524588	3.4922820575610244e-9	1.
-1.588722538336148	-0.000014577590035614532	3.612572270565389e-9	1.
-1.5836653830264165	-0.000014827880329579782	3.7369837321936e-9	1.
-1.5786082277166855	-0.000015082443504404462	3.865656541620564e-9	1.
-1.5735510724069546	-0.000015341351721963367	3.998735505752344e-9	1.
-1.5684939170972234	-0.00001560467833767834	4.1363702954489535e-9	1.
-1.5634367617874925	-0.000015872497919463134	4.278715605462609e-9	1.
-1.5583796064777609	-0.00001614488626692217	4.425931320455759e-9	1.
-1.5533224511680297	-0.000016421920430848412	4.578182685832858e-9	1.
-1.5482652958582988	-0.000016703678732982814	4.735640484498245e-9	1.
-1.5432081405485676	-0.000016990240786077402	4.898481218630904e-9	1.
-1.5381509852388366	-0.00001728168751422229	5.066887297845299e-9	1.
-1.5330938299291055	-0.00001757810117348742	5.241047233109152e-9	1.
-1.5280366746193739	-0.000017879565372835702	5.421155837040731e-9	1.
-1.522979519309643	-0.000018186165095355367	5.6074144301783e-9	1.
-1.5179223639999118	-0.000018497986719766098	5.8000310541105845e-9	1.
-1.5128652086901808	-0.000018815118042254972	5.999220691465653e-9	1.
-1.5078080533804499	-0.0000191376482985942	6.205205492702032e-9	1.
-1.5027508980707183	-0.000019465668186593618	6.418215010033081e-9	1.
-1.4976937427609873	-0.000019799269888836148	6.6384864386391714e-9	1.
-1.4926365874512562	-0.000020138547095759167	6.866264866080106e-9	1.
-1.487579432141525	-0.000020483595029027014	7.101803528855453e-9	1.
-1.482522276831794	-0.000020834510465254147	7.345364077533676e-9	1.
-1.4774651215220624	-0.000021191391760021132	7.597216849547217e-9	1.
-1.4724079662123313	-0.000021554338872249008	7.85764115147883e-9	1.
-1.4673508109026003	-0.00002192345338888095	8.126925549873763e-9	1.
-1.4622936555928694	-0.00002229883854992134	8.405368170042478e-9	1.
-1.4572365002831382	-0.000022680599273784066	8.693277006139094e-9	1.
-1.4521793449734073	-0.00002306884218301153	8.990970238995966e-9	1.
-1.4471221896636757	-0.000023463675630309385	9.298776565601182e-9	1.
-1.4420650343539445	-0.000023865209724951797	9.617035536667905e-9	1.
-1.4370078790442136	-0.000024273556359514126	9.94609790742146e-9	1.
-1.4319507237344824	-0.000024688829236977256	1.028632599583866e-8	1.
-1.4268935684247515	-0.00002511114389817028	1.063809405579622e-8	1.
-1.4218364131150198	-0.00002554061774958423	1.1001788657571096e-8	1.
-1.4167792578052887	-0.00002597737009153675	1.1377809084155684e-8	1.
-1.4117221024955577	-0.00002642152214670627	1.1766567735792706e-8	1.
-1.4066649471858268	-0.000026873197089029682	1.2168490550799244e-8	1.
-1.4016077918760956	-0.000027332520072967197	1.25840174348633e-8	1.
-1.3965506365663642	-0.00002779961826314436	1.3013602708481897e-8	1.
-1.391493481256633	-0.000028274620864356858	1.345771556238233e-8	1.
-1.386436325946902	-0.000028757659151967938	1.3916840532611588e-8	1.
-1.381379170637171	-0.000029248866502662708	1.4391477984229881e-8	1.
-1.3763220153274398	-0.000029748378425610256	1.488214461495743e-8	1.
-1.3712648600177082	-0.000030256332593977366	1.538937396934994e-8	1.
-1.3662077047079773	-0.000030772868876863026	1.5913716972067456e-8	1.
-1.3611505493982463	-0.00003129812937158239	1.6455742474719148e-8	1.
-1.3560933940885151	-0.00003183225843638028	1.7016037820001353e-8	1.
-1.3510362387787842	-0.000032375402723494595	1.759520942333801e-8	1.
-1.345979083469053	-0.00003292771121265506	1.8193883369414232e-8	1.
-1.3409219281593214	-0.00003348933524493602	1.8812706030552508e-8	1.
-1.3358647728495905	-0.000034060428557043974	1.9452344697572255e-8	1.
-1.3308076175398595	-0.00003464114731596884	2.0113488236605197e-8	1.
-1.3257504622301284	-0.000035231650154069743	2.0796847756361963e-8	1.
-1.3206933069203974	-0.000035832098204518565	2.1503157305611235e-8	1.
-1.3156361516106658	-0.00003644265513720163	2.223317457879173e-8	1.
-1.3105789963009347	-0.000037063487194955895	2.298768165492147e-8	1.
-1.3055218409912037	-0.00003769476323029287	2.3767485747441456e-8	1.
-1.3004646856814726	-0.00003833665474243035	2.457341998096961e-8	1.
-1.2954075303717414	-0.00003898933591482623	2.5406344191741902e-8	1.
-1.29035037506201	-0.000039652983653039046	2.6267145746692537e-8	1.
-1.2852932197522788	-0.00004032777762305817	2.7156740389606773e-8	1.
-1.280236064442548	-0.000041013900289983394	2.8076073109725696e-8	1.
-1.2751789091328167	-0.00004171153695716277	2.9026119030814314e-8	1.
-1.2701217538230858	-0.000042420875805695114	3.000788435713279e-8	1.
-1.2650645985133546	-0.00004314210793438919	3.1022407267801224e-8	1.
-1.2600074432036232	-0.00004387542740003415	3.207075893421367e-8	1.
-1.254950287893892	-0.00004462103125824407	3.315404450357598e-8	1.
-1.2498931325841611	-0.00004537911960446806	3.427340412608206e-8	1.
-1.24483597727443	-0.00004614989561566293	3.543001401499253e-8	1.
-1.239778821964699	-0.00004693356559216201	3.66250875298469e-8	1.
-1.2347216666549674	-0.000047730339000042866	3.785987628143026e-8	1.
-1.2296645113452365	-0.00004854042851389804	3.9135671299031686e-8	1.
-1.2246073560355053	-0.00004936405005995932	4.0453804199507536e-8	1.
-1.2195502007257744	-0.00005020142285964692	4.1815648392536835e-8	1.
-1.2144930454160432	-0.00005105276947349914	4.322262033008083e-8	1.
-1.2094358901063116	-0.00005191831584549812	4.4676180782124535e-8	1.
-1.2043787347965806	-0.00005279829134777927	4.617783614846752e-8	1.
-1.1993215794868495	-0.000053692928825724	4.7729139804048505e-8	1.
-1.1942644241771185	-0.000054602464643442465	4.9331693491526535e-8	1.
-1.1892072688673874	-0.00005552713872960853	5.09871487234389e-8	1.
-1.184150113557656	-0.00005646719462370054	5.2697208258115846e-8	1.
-1.1790929582479248	-0.0000574228795225845	5.446362758745131e-8	1.
-1.1740358029381939	-0.00005839444432747987	5.62882164745929e-8	1.
-1.1689786476284627	-0.00005938214369125627	5.817284052724588e-8	1.
-1.1639214923187318	-0.000060386236066129265	6.011942282268395e-8	1.
-1.1588643370090006	-0.00006140698375165733	6.212994555708776e-8	1.
-1.153807181699269	-0.00006244465294311237	6.420645175356132e-8	1.
-1.1487500263895378	-0.00006349951378017552	6.63510470076414e-8	1.
-1.143692871079807	-0.00006457184039595373	6.856590127130781e-8	1.
-1.138635715770076	-0.00006566191096634799	7.085325069886012e-8	1.
-1.1335785604603448	-0.00006677000775970198	7.321539951822294e-8	1.
-1.1285214051506132	-0.00006789641718678296	7.565472196560408e-8	1.
-1.1234642498408822	-0.00006904142985105317	7.817366426303743e-8	1.
-1.118407094531151	-0.00007020534059922794	8.07747466363219e-8	1.
-1.1133499392214201	-0.0000713884485721357	8.346056540634443e-8	1.
-1.1082927839116892	-0.00007259105725582982	8.623379509690216e-8	1.
-1.1032356286019576	-0.00007381347453297648	8.909719062672596e-8	1.
-1.0981784732922264	-0.00007505601273449222	9.205358953670533e-8	1.
-1.0931213179824955	-0.00007631898869142423	9.510591426612837e-8	1.
-1.0880641626727645	-0.00007760272378706973	9.825717451003162e-8	1.
-1.0830070073630333	-0.00007890754400931365	1.0151046958847571e-7	1.
-1.0779498520533017	-0.0000802337800031701	1.0486899091763258e-7	1.
-1.0728926967435706	-0.00008158176712351994	1.0833602450498337e-7	1.
-1.0678355414338396	-0.00008295184548805167	1.1191495351904016e-7	1.
-1.0627783861241087	-0.00008434436003034918	1.1560926090872149e-7	1.
-1.0577212308143775	-0.00008575966055316034	1.1942253210236506e-7	1.
-1.0526640755046466	-0.00008719810178177718	1.2335845772117595e-7	1.
-1.047606920194915	-0.00008866004341758524	1.274208364152851e-7	1.
-1.042549764885184	-0.00009014585019169535	1.3161357771597366e-7	1.
-1.0374926095754529	-0.0000916558919186878	1.359407049696254e-7	1.
-1.0324354542657217	-0.0000931905435504342	1.4040635833203196e-7	1.
-1.0273782989559908	-0.00009475018522998603	1.4501479782744048e-7	1.
-1.0223211436462591	-0.0000963352023455069	1.497704064762744e-7	1.
-1.017263988336528	-0.00009794598558425987	1.546776934706368e-7	1.
-1.012206833026797	-0.00009958293098654256	1.5974129746133985e-7	1.
-1.007149677717066	-0.00010124643999970463	1.6496598985349802e-7	1.
-1.002092522407335	-0.00010293691953206962	1.7035667821301785e-7	1.
-0.9970353670976034	-0.0001046547820068435	1.759184097343004e-7	1.
-0.9919782117878724	-0.00010640044541594052	1.8165637475442353e-7	1.
-0.9869210564781413	-0.00010817433337373693	1.875759103738859e-7	1.
-0.9818639011684103	-0.00010997687517070071	1.9368250411691453e-7	1.
-0.9768067458586791	-0.00011180850582691908	1.999817976764407e-7	1.
-0.9717495905489482	-0.00011366966614541255	2.0647959073405424e-7	1.
-0.9666924352392166	-0.00011556080276534897	2.1318184483976427e-7	1.
-0.9616352799294855	-0.00011748236821500226	2.2009468738432565e-7	1.
-0.9565781246197546	-0.00011943482096450258	2.2722441560962795e-7	1.
-0.9515209693100234	-0.00012141862547833325	2.3457750073698308e-7	1.
-0.9464638140002924	-0.000123434252267575	2.421605921314617e-7	1.
-0.9414066586905608	-0.000125482177941806	2.499805215554069e-7	1.
-0.9363495033808298	-0.000127562885260717	2.5804430750152615e-7	1.
-0.9312923480710986	-0.00012967686318533816	2.6635915957820087e-7	1.
-0.9262351927613677	-0.000131824606928908	2.7493248300207544e-7	1.
-0.9211780374516366	-0.00013400661800732445	2.8377188312417874e-7	1.
-0.916120882141905	-0.00013622340428913886	2.928851700611542e-7	1.
-0.911063726832174	-0.0001384754800451165	3.0228036338705464e-7	1.
-0.9060065715224429	-0.00014076336599724986	3.119656968954801e-7	1.
-0.9009494162127119	-0.00014308758936730634	3.2194962344693974e-7	1.
-0.8958922609029809	-0.0001454486839247598	3.32240819871242e-7	1.
-0.8908351055932493	-0.00014784719003415011	3.4284819195527077e-7	1.
-0.8857779502835182	-0.00015028365470184317	3.537808794900641e-7	1.
-0.8807207949737872	-0.00015275863162208676	3.650482614141779e-7	1.
-0.8756636396640561	-0.0001552726812224431	3.7665996098251656e-7	1.
-0.870606484354325	-0.00015782637070844613	3.886258510462907e-7	1.
-0.865549329044594	-0.00016042027410751805	4.0095605938922414e-7	1.
-0.8604921737348625	-0.00016305497231212338	4.136609741014228e-7	1.
-0.8554350184251314	-0.0001657310531220655	4.267512490771847e-7	1.
-0.8503778631154004	-0.0001684491112859525	4.4023780951432325e-7	1.
-0.8453207078056693	-0.00017120974854175776	4.541318575104851e-7	1.
-0.8402635524959383	-0.0001740135736564567	4.6844487775312673e-7	1.
-0.8352063971862067	-0.00017686120246467802	4.831886431620823e-7	1.
-0.8301492418764757	-0.00017975325790641476	4.983752207373724e-7	1.
-0.8250920865667446	-0.0001826903700636264	5.140169773505288e-7	1.
-0.8200349312570135	-0.0001856731761958094	5.301265856067799e-7	1.
-0.8149777759472825	-0.00018870232077447508	5.467170298294715e-7	1.
-0.8099206206375509	-0.0001917784555164063	5.638016120265979e-7	1.
-0.8048634653278198	-0.00019490223941583446	5.813939578932013e-7	1.
-0.7998063100180888	-0.00019807433877530746	5.995080229673769e-7	1.
-0.7947491547083577	-0.00020129542723533862	6.181580986702444e-7	1.
-0.7896919993986267	-0.00020456618580277683	6.373588185053232e-7	1.
-0.7846348440888957	-0.00020788730287779017	6.571251643272714e-7	1.
-0.7795776887791641	-0.00021125947427950634	6.774724724217596e-7	1.
-0.7745205334694331	-0.0002146834032702933	6.984164399457655e-7	1.
-0.769463378159702	-0.00021815980057848157	7.199731311399671e-7	1.
-0.764406222849971	-0.00022168938441971054	7.421589836114026e-7	1.
-0.7593490675402399	-0.0002252728805167255	7.649908147891931e-7	1.
-0.7542919122305084	-0.00022891102211750557	7.884858281920107e-7	1.
-0.7492347569207772	-0.00023260455001203182	8.126616198292757e-7	1.
-0.7441776016110462	-0.00023635421254719348	8.375361846669914e-7	1.
-0.7391204463013152	-0.00024016076564009573	8.631279228721918e-7	1.
-0.7340632909915842	-0.00024402497278979486	8.894556463085364e-7	1.
-0.7290061356818526	-0.00024794760508703743	9.165385850127459e-7	1.
-0.7239489803721216	-0.0002519294412224814	9.443963933350978e-7	1.
-0.7188918250623905	-0.00025597126749298427	9.730491565692085e-7	1.
-0.7138346697526594	-0.00026007387780595427	1.002517397225038e-6	1.
-0.7087775144429284	-0.0002642380736820642	1.0328220812741067e-6	1.
-0.7037203591331967	-0.0002684646642558476	1.0639846246605438e-6	1.
-0.6986632038234658	-0.00027275446627438287	1.0960268994049635e-6	1.
-0.6936060485137348	-0.00027710830409415446	1.1289712398910423e-6	1.
-0.6885488932040036	-0.0002815270096756989	1.162840449308736e-6	1.
-0.6834917378942728	-0.00028601142257629803	1.1976578053935947e-6	1.
-0.6784345825845415	-0.0002905623899407666	1.2334470668744124e-6	1.
-0.67337742727481	-0.0002951807664897685	1.2702324795463717e-6	1.
-0.668320271965079	-0.0002998674145064541	1.3080387819030908e-6	1.
-0.6632631166553479	-0.0003046232038206847	1.346891211506652e-6	1.
-0.6582059613456167	-0.0003094490117909992	1.3868155106038933e-6	1.
-0.6531488060358859	-0.00031434572328474996	1.4278379317910322e-6	1.
-0.6480916507261543	-0.0003193142306556603	1.469985244099108e-6	1.
-0.6430344954164232	-0.0003243554337192397	1.5132847380873633e-6	1.
-0.6379773401066922	-0.0003294702397261538	1.5577642315900242e-6	1.
-0.6329201847969611	-0.0003346595633329443	1.6034520754118095e-6	1.
-0.6278630294872299	-0.0003399243265707002	1.6503771577974476e-6	1.
-0.6228058741774984	-0.0003452654588114927	1.6985689104434186e-6	1.
-0.6177487188677674	-0.00035068389673209474	1.7480573131833567e-6	1.
-0.6126915635580364	-0.0003561805842758319	1.7988728986087706e-6	1.
-0.6076344082483053	-0.0003617564726118351	1.8510467574593746e-6	1.
-0.6025772529385742	-0.00036741252009170816	1.9046105427536224e-6	1.
-0.5975200976288432	-0.0003731496922044745	1.9595964743246482e-6	1.
-0.5924629423191117	-0.0003789689615284246	2.0160373438393066e-6	1.
-0.5874057870093806	-0.00038487130768096334	2.0739665175235413e-6	1.
-0.5823486316996496	-0.0003908577172662769	2.1334179419249527e-6	1.
-0.5772914763899185	-0.00039692918381972265	2.1944261462999673e-6	1.
-0.5722343210801875	-0.00040308670775133154	2.2570262469303038e-6	1.
-0.5671771657704558	-0.00040933129628514293	2.3212539509980705e-6	1.
-0.5621200104607248	-0.0004156639633978114	2.3871455584665236e-6	1.
-0.5570628551509939	-0.0004220857297536915	2.4547379672498694e-6	1.
-0.5520056998412627	-0.00042859762263799023	2.5240686735886446e-6	1.
-0.5469485445315317	-0.00043520067588793563	2.5951757772875353e-6	1.
-0.5418913892218001	-0.0004418959298204718	2.668097982235271e-6	1.
-0.5368342339120691	-0.0004486844311593845	2.7428745993584634e-6	1.
-0.531777078602338	-0.00045556723295810537	2.8195455494718022e-6	1.
-0.5267199232926071	-0.000462545394522053	2.898151363247301e-6	1.
-0.521662767982876	-0.0004696199813274444	2.978733184431572e-6	1.
-0.5166056126731444	-0.00047679206493848474	3.061332770515987e-6	1.
-0.5115484573634133	-0.00048406272292220295	3.1459924924697843e-6	1.
-0.5064913020536822	-0.0004914330387608909	3.232755341345084e-6	1.
-0.5014341467439511	-0.0004989041017630365	3.321664921508063e-6	1.
-0.49637699143422015	-0.0005064770069711287	3.4127654509339025e-6	1.
-0.49131983612448915	-0.0005141528550683175	3.5061017700106443e-6	1.
-0.48626268081475754	-0.0005219327522824913	3.6017193332693526e-6	1.
-0.48120552550502654	-0.0005298178102885161	3.699664211844737e-6	1.
-0.47614837019529543	-0.0005378091461084994	3.7999830926662754e-6	1.
-0.4710912148855644	-0.0005459078820101047	3.902723277302695e-6	1.
-0.46603405957583327	-0.0005541151454030188	4.00793268087411e-6	1.
-0.46097690426610183	-0.0005624320687335377	4.115659830786512e-6	1.
-0.45591974895637066	-0.0005708597893774635	4.225953864651635e-6	1.
-0.4508625936466397	-0.0005793994495312011	4.33886452846127e-6	1.
-0.4458054383369086	-0.0005880521961012398	4.4544421748453905e-6	1.
-0.4407482830271775	-0.0005968191805919372	4.572737759716723e-6	1.
-0.43569112771744595	-0.0006057015589918733	4.693802840046392e-6	1.
-0.430633972407715	-0.0006147004916585978	4.817689570771216e-6	1.
-0.42557681709798395	-0.0006238171432020425	4.944450701470953e-6	1.
-0.42051966178825284	-0.000633052682366488	5.074139572726875e-6	1.
-0.41546250647852173	-0.0006424082819112988	5.206810112579587e-6	1.
-0.4104053511687902	-0.0006518851184903977	5.34251683223197e-6	1.
-0.4053481958590592	-0.0006614843725305385	5.481314821606883e-6	1.
-0.40029104054932824	-0.000671207228108645	5.623259745595446e-6	1.
-0.39523388523959707	-0.0006810548728279429	5.768407838317105e-6	1.
-0.39017672992986613	-0.0006910284976932295	5.9168158985227435e-6	1.
-0.38511957462013496	-0.0007011292969854177	6.068541284486768e-6	1.
-0.38006241931040335	-0.0007113584681350464	6.223641908272296e-6	1.
-0.3750052640006724	-0.0007217172115952927	6.382176230210069e-6	1.
-0.36994810869094125	-0.0007322067307142284	6.544203252733903e-6	1.
-0.3648909533812102	-0.0007428282316066877	6.709782514735282e-6	1.
-0.3598337980714792	-0.0007535829230254947	6.878974084833413e-6	1.
-0.35477664276174814	-0.0007644720162324188	7.051838554820029e-6	1.
-0.34971948745201714	-0.0007754967248688939	7.228437033543065e-6	1.
-0.34466233214228614	-0.0007866582648263709	7.408831139257667e-6	1.
-0.33960517683255403	-0.0007979578541167335	7.593082993220931e-6	1.
-0.3345480215228229	-0.0008093967127425646	7.781255212120343e-6	1.
-0.3294908662130918	-0.0008209760625674949	7.973410901131118e-6	1.
-0.3244337109033609	-0.0008326971271867024	8.16961364599641e-6	1.
-0.3193765555936298	-0.0008445611317976897	8.369927505430231e-6	1.
-0.31431940028389876	-0.000856569303071328	8.57441700394228e-6	1.
-0.30926224497416765	-0.0008687228690233245	8.783147123273386e-6	1.
-0.30420508966443666	-0.0008810230588862016	8.996183295231847e-6	1.
-0.2991479343547056	-0.0008934711029817718	9.213591393053574e-6	1.
-0.2940907790449745	-0.0009060682325945468	9.4354377234666e-6	1.
-0.2890336237352424	-0.0009188156798456038	9.661789018723504e-6	1.
-0.2839764684255115	-0.0009317146775674752	9.892712428212384e-6	1.
-0.27891931311578044	-0.000944766459179969	0.00001012827551050549	1.
-0.2738621578060493	-0.0009579722585669542	0.000010368546224904554	1.
-0.2688050024963183	-0.0009713333099542561	0.00001061359292289593	1.
-0.2637478471865872	-0.0009848508477889833	0.000010863484340027531	1.
-0.2586906918768561	-0.0009985261066197252	0.000011118289588796359	1.
-0.25363353656712506	-0.001012360320978379	0.00001137807814810995	1.
-0.248576381257394	-0.001026354725263564	0.000011642919856908879	1.
-0.24351922594766304	-0.0010405105536251443	0.000011912884906117287	1.
-0.2384620706379319	-0.0010548290398507364	0.000012188043828972328	1.
-0.23340491532819987	-0.0010693114172538347	0.000012468467494437501	1.
-0.2283477600184688	-0.0010839589185634554	0.00001275422709935559	1.
-0.2232906047087377	-0.001098772775815991	0.00001304539415940911	1.
-0.21823344939900677	-0.0011137542202487565	0.000013342040502755638	1.
-0.21317629408927571	-0.0011289044821955027	0.000013644238261921254	1.
-0.20811913877954466	-0.0011442247909841548	0.000013952059866277181	1.
-0.20306198346981363	-0.001159716374836529	0.000014265578035150779	1.
-0.19800482816008258	-0.001175380460770323	0.000014584865770491998	1.
-0.19294767285035141	-0.0011912182745033389	0.000014909996350236689	1.
-0.18789051754062036	-0.001207231040360011	0.000015241043321332651	1.
-0.1828333622308883	-0.0012234199811804402	0.00001557808049345583	1.
-0.17777620692115723	-0.001239786318231636	0.00001592118193296497	1.
-0.17271905161142628	-0.0012563312711214596	0.00001627042195612787	1.
-0.16766189630169515	-0.0012730560577151856	0.00001662587512428225	1.
-0.16260474099196418	-0.0012899618940542838	0.000016987616238204222	1.
-0.15754758568223312	-0.0013070499942782897	0.000017355720331222583	1.
-0.152490430372502	-0.001324321570549299	0.0000177302626671243	1.
-0.14743327506277096	-0.0013417778329787545	0.000018111318733646572	1.
-0.14237611975303993	-0.0013594199895577812	0.000018498964236500857	1.
-0.13731896444330893	-0.001377249246089774	0.000018893275100043545	1.
-0.13226180913357788	-0.0013952668061258053	0.000019294327459166908	1.
-0.12720465382384574	-0.001413473870903629	0.000019702197655699447	1.
-0.12214749851411469	-0.0014318716392887683	0.000020116962240641908	1.
-0.11709034320438366	-0.0014504613077188134	0.000020538697964956517	1.
-0.11203318789465258	-0.00146924407015145	0.000020967481779377248	1.
-0.10697603258492153	-0.001488221118014153	0.000021403390836227736	1.
-0.10191887727519051	-0.0015073936401578283	0.00002184650248102249	1.
-0.09686172196545945	-0.0015267628228138718	0.000022296894255727392	1.
-0.09180456665572846	-0.0015463298495528204	0.000022754643898228918	1.
-0.08674741134599735	-0.0015660959012474113	0.000023219829337177887	1.
-0.08169025603626626	-0.001586062156038852	0.000023692528697346034	1.
-0.07663310072653422	-0.001606229789304513	0.000024172820298698184	1.
-0.07157594541680322	-0.0016265999736306915	0.000024660782650262278	1.
-0.0665187901070721	-0.0016471738787876486	0.000025156494463002015	1.
-0.061461634797341125	-0.0016679526717072477	0.000025660034641729553	1.
-0.056404479487609994	-0.0016889375164645258	0.00002617148229174024	1.
-0.051347324177878975	-0.001710129574262141	0.00002669091671701706	1.
-0.04629016886814792	-0.0017315300034177537	0.00002721841742871461	1.
-0.041233013558416846	-0.001753139959354334	0.000027754064144141193	1.
-0.03617585824868583	-0.001774960594593968	0.00002829793679158904	1.
-0.031118702938954763	-0.001796993058754612	0.000028850115511404325	1.
-0.02606154762922376	-0.0018192384985498311	0.00002941068066620714	1.
-0.021004392319491666	-0.0018416980577912255	0.000029979712842363973	1.
-0.01594723700976058	-0.0018643728773943976	0.000030557292854828846	1.
-0.010890081700029579	-0.001887264095387769	0.000031143501750589844	1.
-0.005832926390298485	-0.0019103728469243924	0.00003173842082065832	1.
-0.0007757710805674788	-0.0019337002642961436	0.0000323421316042592	1.
0.0042813842291635216	-0.0019572474769515382	0.00003295471589356927	1.
0.009338539538894703	-0.0019810156115161836	0.00003357625573949493	1.
0.014395694848625707	-0.002005005791816213	0.00003420683346433228	1.
0.019452850158356814	-0.0020292191389041313	0.000034846531674047024	1.
0.024510005468087827	-0.0020536567710867978	0.000035495433250786035	1.
0.029567160777818898	-0.0020783198039596618	0.00003615362137368795	1.
0.034624316087550996	-0.002103209350437828	0.00003682117953567853	1.
0.03968147139728202	-0.002128326520794662	0.00003749819152711078	1.
0.04473862670701309	-0.0021536724227025155	0.00003818474147892315	1.
0.049795782016744075	-0.0021792481612716405	0.00003888091385335979	1.
0.05485293732647514	-0.002205054839098374	0.000039586793441178065	1.
0.05991009263620629	-0.002231093556310426	0.0000403024654189572	1.
0.06496724794593718	-0.00225736541061575	0.00004102801530966765	1.
0.07002440325566824	-0.0022838714973578023	0.00004176352902095197	1.
0.0750815585653993	-0.0023106129095660406	0.000042509092865463944	1.
0.08013871387513043	-0.0023375907380145822	0.000043264793540912394	1.
0.08519586918486252	-0.0023648060712824423	0.00004403071818362786	1.
0.09025302449459352	-0.0023922599958109466	0.00004480695435533551	1.
0.09531017980432453	-0.0024199535959709487	0.00004559359005696647	1.