-4.961845129926823	-1.2738904504919074e-11	2.844482434232349e-21	1.
-4.956787974617092	-1.2961036826356078e-11	2.944282755645083e-21	1.
-4.951730819307361	-1.3187032309400132e-11	3.0475811090470715e-21	1.
-4.946673663997631	-1.3416958006826168e-11	3.1544999950150357e-21	1.
-4.9416165086879	-1.3650882133565062e-11	3.2651662008119617e-21	1.
-4.936559353378168	-1.388887408682597e-11	3.3797109504181675e-21	1.
-4.931502198068436	-1.413100446656734e-11	3.498270059618283e-21	1.
-4.926445042758705	-1.43773450963198e-11	3.620984096520414e-21	1.
-4.921387887448974	-1.4627969044369182e-11	3.7479985478195164e-21	1.
-4.916330732139243	-1.488295064530869e-11	3.879463990781843e-21	1.
-4.911273576829512	-1.51423655219618e-11	4.015536271224641e-21	1.
-4.9062164215197805	-1.5406290607685e-11	4.15637668775698e-21	1.
-4.90115926621005	-1.5674804169056724e-11	4.302152182462861e-21	1.
-4.896102110900319	-1.5947985828958554e-11	4.453035538201348e-21	1.
-4.891044955590588	-1.6225916590055412e-11	4.6092055828381544e-21	1.
-4.885987800280857	-1.6508678858682076e-11	4.770847400607866e-21	1.
-4.880930644971125	-1.6796356469143226e-11	4.938152550886646e-21	1.
-4.875873489661394	-1.708903470843409e-11	5.1113192945601476e-21	1.
-4.870816334351662	-1.7386800341388032e-11	5.290552828325109e-21	1.
-4.865759179041931	-1.768974163625943e-11	5.476065527182859e-21	1.
-4.8607020237322	-1.7997948390749104e-11	5.668077195420071e-21	1.
-4.85564486842247	-1.8311511958480457e-11	5.866815326349006e-21	1.
-4.850587713112739	-1.8630525275933278e-11	6.072515371088288e-21	1.
-4.8455305578030075	-1.895508288984299e-11	6.285421016777059e-21	1.
-4.840473402493276	-1.9285280985074032e-11	6.505784474504424e-21	1.
-4.835416247183545	-1.9621217412976274e-11	6.733866777325156e-21	1.
-4.830359091873814	-1.996299172023145e-11	6.969938088611898e-21	1.
-4.825301936564082	-2.0310705178198122e-11	7.214278021237602e-21	1.
-4.820244781254351	-2.0664460812764062e-11	7.467175967899127e-21	1.
-4.81518762594462	-2.102436343471622e-11	7.728931443024754e-21	1.
-4.810130470634889	-2.139051967063539e-11	7.99985443654498e-21	1.
-4.805073315325158	-2.1763037994325515e-11	8.280265780063954e-21	1.
-4.800016160015427	-2.214202875878531e-11	8.570497525823996e-21	1.
-4.794959004705696	-2.252760422873475e-11	8.870893338989547e-21	1.
-4.789901849395965	-2.2919878613703356e-11	9.181808903332285e-21	1.
-4.7848446940862335	-2.3318968101689024e-11	9.503612341614791e-21	1.
-4.779787538776502	-2.372499089340402e-11	9.836684650267675e-21	1.
-4.774730383466771	-2.413806723711e-11	1.0181420149236479e-20	1.
-4.769673228157039	-2.455831946405276e-11	1.0538226947598968e-20	1.
-4.764616072847309	-2.4985872024514186e-11	1.0907527425788278e-20	1.
-4.759558917537578	-2.5420851524487595e-11	1.1289758734141856e-20	1.
-4.7545017622278465	-2.58633867629847e-11	1.1685373309154893e-20	1.
-4.749444606918115	-2.6313608769989926e-11	1.2094839407783776e-20	1.
-4.744387451608384	-2.6771650845071538e-11	1.2518641660281628e-20	1.
-4.739330296298653	-2.7237648596658747e-11	1.29572816424066e-20	1.
-4.734273140988922	-2.7711739981999106e-11	1.3411278467618242e-20	1.
-4.729215985679191	-2.819406534780684e-11	1.38811694000033e-20	1.
-4.72415883036946	-2.8684767471615107e-11	1.4367510488593353e-20	1.
-4.719101675059728	-2.918399160384261e-11	1.4870877223739192e-20	1.
-4.714044519749997	-2.969188551058702e-11	1.5391865216511472e-20	1.
-4.708987364440266	-3.020859951715964e-11	1.5931090901821355e-20	1.
-4.703930209130535	-3.07342865523731e-11	1.648919226617495e-20	1.
-4.698873053820804	-3.126910219359464e-11	1.7066829600649775e-20	1.
-4.6938158985110725	-3.1813204712578363e-11	1.766468628030681e-20	1.
-4.688758743201341	-3.2366755122089824e-11	1.8283469570792347e-20	1.
-4.68370158789161	-3.292991722333774e-11	1.8923911463236765e-20	1.
-4.67864443258188	-3.3502857654226196e-11	1.9586769538097706e-20	1.
-4.673587277272149	-3.408574593844099e-11	2.0272827859279996e-20	1.
-4.668530121962417	-3.467875453538384e-11	2.0982897899466602e-20	1.
-4.6634729666526855	-3.528205889097069e-11	2.171781949784195e-20	1.
-4.658415811342954	-3.5895837489310524e-11	2.2478461851249035e-20	1.
-4.653358656033223	-3.6520271905275524e-11	2.3265724539789203e-20	1.
-4.648301500723492	-3.7155546857981004e-11	2.4080538588398174e-20	1.
-4.643244345413761	-3.780185026518985e-11	2.492386756557064e-20	1.
-4.638187190104031	-3.845937329865967e-11	2.5796708720159582e-20	1.
-4.633130034794299	-3.912831044044162e-11	2.6700094158103043e-20	1.
-4.628072879484568	-3.980885954016089e-11	2.763509206068113e-20	1.
-4.623015724174837	-4.050122187328546e-11	2.8602807944438337e-20	1.
-4.617958568865106	-4.1205602200397086e-11	2.9604385964924983e-20	1.
-4.612901413555374	-4.1922208827489394e-11	3.064101026774543e-20	1.
-4.607844258245643	-4.2651253667313667e-11	3.1713906384851874e-20	1.
-4.6027871029359115	-4.339295230178081e-11	3.282434268044055e-20	1.
-4.59772994762618	-4.414752404544245e-11	3.397363184734325e-20	1.
-4.59267279231645	-4.4915192010072354e-11	3.516313245564941e-20	1.
-4.587615637006719	-4.569618317036386e-11	3.6394250555122026e-20	1.
-4.582558481696988	-4.649072843076036e-11	3.766844133381122e-20	1.
-4.577501326387257	-4.7299062693444044e-11	3.898721083455446e-20	1.
-4.5724441710775245	-4.8121424927501115e-11	4.0352117731633245e-20	1.
-4.567387015767794	-4.895805823928121e-11	4.176477516895395e-20	1.
-4.562329860458063	-4.980920994397504e-11	4.322685266274574e-20	1.
-4.557272705148332	-5.0675131638426333e-11	4.4740078070597984e-20	1.
-4.552215549838601	-5.155607927520629e-11	4.630623962957179e-20	1.
-4.547158394528869	-5.2452313237969504e-11	4.792718806499207e-20	1.
-4.542101239219138	-5.336409841810892e-11	4.9604838773043174e-20	1.
-4.537044083909407	-5.429170429273987e-11	5.13411740795698e-20	1.
-4.531986928599676	-5.523540500402895e-11	5.313824557791089e-20	1.
-4.526929773289945	-5.619547943989944e-11	5.499817654837914e-20	1.
-4.521872617980214	-5.717221131612875e-11	5.692316446173084e-20	1.
-4.516815462670483	-5.8165889259865384e-11	5.891548357043326e-20	1.
-4.5117583073607515	-5.917680689459038e-11	6.097748759034832e-20	1.
-4.50670115205102	-6.020526292654869e-11	6.311161247641256e-20	1.
-4.501643996741289	-6.125156123267544e-11	6.532037929440106e-20	1.
-4.496586841431558	-6.231601095004034e-11	6.760639719346975e-20	1.
-4.491529686121827	-6.339892656683908e-11	6.997236648232419e-20	1.
-4.486472530812096	-6.450062801496076e-11	7.242108181374177e-20	1.
-4.4814153755023645	-6.562144076414912e-11	7.495543547693863e-20	1.
-4.476358220192633	-6.676169591779727e-11	7.757842081077766e-20	1.
-4.471301064882902	-6.792173031040457e-11	8.029313573096018e-20	1.
-4.466243909573171	-6.910188660670931e-11	8.310278638115408e-20	1.
-4.46118675426344	-7.030251340252854e-11	8.601069091320765e-20	1.
-4.456129598953709	-7.152396532735937e-11	8.90202833997038e-20	1.
-4.4510724436439775	-7.276660314874329e-11	9.213511788063648e-20	1.
-4.446015288334246	-7.403079387843545e-11	9.535887255310597e-20	1.
-4.440958133024515	-7.531691088041143e-11	9.869535410751697e-20	1.
-4.435900977714784	-7.662533398074309e-11	1.0214850221380992e-19	1.
-4.430843822405053	-7.795644957936994e-11	1.0572239416513712e-19	1.
-4.425786667095322	-7.931065076380428e-11	1.094212496833686e-19	1.
-4.4207295117855905	-8.068833742480175e-11	1.1324943589312718e-19	1.
-4.415672356475859	-8.208991637403577e-11	1.172114724684274e-19	1.
-4.410615201166128	-8.351580146380202e-11	1.2131203695917375e-19	1.
-4.405558045856397	-8.496641370879252e-11	1.2555597030367439e-19	1.
-4.400500890546666	-8.64421814099747e-11	1.299482825339401e-19	1.
-4.395443735236935	-8.79435402806162e-11	1.3449415868031855e-19	1.
-4.390386579927204	-8.947093357448597e-11	1.3919896488090684e-19	1.
-4.385329424617472	-9.102481221627071e-11	1.440682547052006e-19	1.
-4.380272269307741	-9.260563493424291e-11	1.4910777569828102e-19	1.
-4.37521511399801	-9.421386839523012e-11	1.5432347615446957e-19	1.
-4.37015795868828	-9.584998734191425e-11	1.597215121253012e-19	1.
-4.3651008033785486	-9.751447473250311e-11	1.6530825467339229e-19	1.
-4.360043648068817	-9.920782188281385e-11	1.7109029737904509e-19	1.
-4.354986492759085	-1.0093052861081816e-10	1.7707446411008362e-19	1.
-4.349929337449354	-1.0268310338368535e-10	1.832678170614078e-19	1.
-4.344872182139624	-1.0446606346736638e-10	1.8967766507527215e-19	1.
-4.339815026829893	-1.0627993507876176e-10	1.9631157225220657e-19	1.
-4.334757871520161	-1.0812525354052174e-10	2.0317736686406408e-19	1.
-4.3297007162104295	-1.1000256343852459e-10	2.1028315057299946e-19	1.
-4.324643560900699	-1.119124187820648e-10	2.1763730798011454e-19	1.
-4.319586405590968	-1.1385538316683664e-10	2.252485165032273e-19	1.
-4.314529250281237	-1.1583202994071883e-10	2.331257565964948e-19	1.
-4.309472094971506	-1.17842942372413e-10	2.4127832232640784e-19	1.
-4.304414939661775	-1.1988871382301303e-10	2.4971583232843653e-19	1.
-4.299357784352043	-1.2196994792054285e-10	2.584482411313388e-19	1.
-4.294300629042312	-1.240872587375015e-10	2.6748585088390114e-19	1.
-4.289243473732581	-1.2624127097148066e-10	2.7683932349137537e-19	1.
-4.284186318422849	-1.2843262012890866e-10	2.8651969317337997e-19	1.
-4.279129163113119	-1.3066195271196447e-10	2.9653837945991533e-19	1.
-4.274072007803388	-1.329299264087274e-10	3.069072006415464e-19	1.
-4.269014852493656	-1.352372102866057e-10	3.176383876896031e-19	1.
-4.263957697183925	-1.3758448498912007e-10	3.2874459866302617e-19	1.
-4.258900541874194	-1.399724429360835e-10	3.402389336142951e-19	1.
-4.253843386564463	-1.424017885272396e-10	3.5213495001814845e-19	1.
-4.248786231254732	-1.4487323834941937e-10	3.644466787381173e-19	1.
-4.243729075945001	-1.4738752138728354e-10	3.7718864055302327e-19	1.
-4.238671920635269	-1.4994537923770946e-10	3.903758632548497e-19	1.
-4.233614765325538	-1.5254756632787786e-10	4.040238993465018e-19	1.
-4.228557610015807	-1.551948501371295e-10	4.181488443559188e-19	1.
-4.223500454706076	-1.578880114226568e-10	4.327673557920951e-19	1.
-4.218443299396345	-1.6062784444910485e-10	4.478966727598018e-19	1.
-4.213386144086614	-1.6341515722213284e-10	4.635546362579942e-19	1.
-4.208328988776882	-1.6625077172601167e-10	4.797597101877406e-19	1.
-4.203271833467151	-1.691355241653282e-10	4.965310030940979e-19	1.
-4.19821467815742	-1.7207026521087581e-10	5.13888290668228e-19	1.
-4.193157522847689	-1.750558602497897e-10	5.318520390286874e-19	1.
-4.188100367537958	-1.7809318964000264e-10	5.504434288192815e-19	1.
-4.183043212228227	-1.8118314896909769e-10	5.696843801467376e-19	1.
-4.1779860569184954	-1.84326649317642e-10	5.895975783930428e-19	1.
-4.172928901608764	-1.8752461752707314e-10	6.102065009199941e-19	1.
-4.167871746299033	-1.907779964722075e-10	6.315354447106041e-19	1.
-4.162814590989302	-1.9408774533846e-10	6.536095549730433e-19	1.
-4.157757435679571	-1.9745483990386181e-10	6.764548547511266e-19	1.
-4.15270028036984	-2.008802728259438e-10	7.000982755406714e-19	1.
-4.147643125060109	-2.0436505393357436e-10	7.245676890212158e-19	1.
-4.142585969750377	-2.0791021052387645e-10	7.498919398558898e-19	1.
-4.137528814440646	-2.115167876642414e-10	7.761008796389821e-19	1.
-4.132471659130915	-2.1518584849954868e-10	8.032254020367643e-19	1.
-4.127414503821184	-2.18918474564736e-10	8.312974791710311e-19	1.
-4.122357348511453	-2.22715766102752e-10	8.603501992385616e-19	1.
-4.1173001932017215	-2.265788423879997e-10	8.904178054627438e-19	1.
-4.11224303789199	-2.305088420553797e-10	9.215357364072802e-19	1.
-4.107185882582259	-2.345069234350205e-10	9.537406676833297e-19	1.
-4.102128727272529	-2.385742648927847e-10	9.870705551193199e-19	1.
-4.097071571962798	-2.427120651766664e-10	1.0215646794342089e-18	1.
-4.0920144166530665	-2.4692154376916876e-10	1.057263692475596e-18	1.
-4.0869572613433345	-2.5120394124578683e-10	1.094209665066003e-18	1.
-4.081900106033603	-2.555605196396722e-10	1.1324461365140438e-18	1.
-4.076842950723873	-2.5999256281260173e-10	1.1720181658577036e-18	1.
-4.071785795414142	-2.645013768323596e-10	1.212972384896523e-18	1.
-4.06672864010441	-2.6908829035664195e-10	1.255357053078699e-18	1.
-4.061671484794679	-2.73754655023599e-10	1.299222114287469e-18	1.
-4.056614329484948	-2.7850184584912103e-10	1.3446192556194245e-18	1.
-4.051557174175217	-2.8333126163099236e-10	1.3916019682103467e-18	1.
-4.046500018865486	-2.8824432536002257e-10	1.4402256101940991e-18	1.
-4.041442863555755	-2.932424846383052e-10	1.4905474718381304e-18	1.
-4.036385708246024	-2.983272121046841e-10	1.5426268429624808e-18	1.
-4.0313285529362926	-3.0350000586757345e-10	1.5965250827067279e-18	1.
-4.026271397626561	-3.0876238994525933e-10	1.6523056917399239e-18	1.
-4.02121424231683	-3.1411591471382627e-10	1.7100343869833242e-18	1.
-4.016157087007098	-3.1956215736280933e-10	1.7697791789313078e-18	1.
-4.011099931697368	-3.2510272235871323e-10	1.83161045167808e-18	1.
-4.006042776387637	-3.3073924191655893e-10	1.895601045741345e-18	1.
-4.000985621077906	-3.36473376479572e-10	1.9618263437624885e-18	1.
-3.9959284657681744	-3.4230681520714754e-10	2.0303643592048883e-18	1.
-3.9908713104584432	-3.482412764712799e-10	2.1012958281556903e-18	1.
-3.9858141551487125	-3.542785083615487e-10	2.174704304302637e-18	1.
-3.980756999838981	-3.6042028919882577e-10	2.2506762572269897e-18	1.
-3.9756998445292497	-3.6666842805786163e-10	2.32930117417506e-18	1.
-3.9706426892195186	-3.7302476529892834e-10	2.410671665312517e-18	1.
-3.965585533909788	-3.7949117310861365e-10	2.4948835726826155e-18	1.
-3.9605283786000562	-3.86069556049982e-10	2.582036082979393e-18	1.
-3.955471223290325	-3.9276185162223825e-10	2.672231844204231e-18	1.
-3.950414067980594	-3.995700308300522e-10	2.7655770864630254e-18	1.
-3.9453569126708627	-4.0649609876274903e-10	2.8621817469228764e-18	1.
-3.940299757361132	-4.135420951834873e-10	2.9621595991274783e-18	1.
-3.935242602051401	-4.2071009512860146e-10	3.0656283868400244e-18	1.
-3.9301854467416693	-4.2800220951733225e-10	3.1727099625809667e-18	1.
-3.925128291431938	-4.3542058577208356e-10	3.28353043093725e-18	1.
-3.9200711361222074	-4.429674084493826e-10	3.398220296906972e-18	1.
-3.915013980812476	-4.506448998817645e-10	3.5169146194363544e-18	1.
-3.9099568255027446	-4.5845532083074103e-10	3.639753170266194e-18	1.
-3.9048996701930134	-4.664009711510466e-10	3.766880598343158e-18	1.
-3.8998425148832823	-4.744841904663606e-10	3.898446599958582e-18	1.
-3.894785359573551	-4.827073588567112e-10	4.034606094851472e-18	1.
-3.8897282042638204	-4.910728975577636e-10	4.1755194083798305e-18	1.
-3.884671048954089	-4.99583269672165e-10	4.321352460149671e-18	1.
-3.879613893644358	-5.082409808932257e-10	4.472276959147711e-18	1.
-3.8745567383346264	-5.170485802410825e-10	4.628470605675174e-18	1.
-3.8694995830248957	-5.260086608115405e-10	4.790117300347852e-18	1.
-3.8644424277151646	-5.351238605379245e-10	4.95740736043412e-18	1.
-3.8593852724054334	-5.443968629660524e-10	5.130537743637697e-18	1.
-3.8543281170957018	-5.538303980426041e-10	5.30971227974534e-18	1.
-3.849270961785971	-5.634272429171075e-10	5.495141910376311e-18	1.
-3.84421380647624	-5.731902227578319e-10	5.687044937052094e-18	1.
-3.8391566511665087	-5.831222115816996e-10	5.885647277871244e-18	1.
-3.8340994958567776	-5.932261330985689e-10	6.09118273325612e-18	1.
-3.8290423405470464	-6.035049615701394e-10	6.303893260870458e-18	1.
-3.8239851852373152	-6.139617226836268e-10	6.524029260170083e-18	1.
-3.818928029927584	-6.245994944406275e-10	6.751849866917094e-18	1.
-3.813870874617853	-6.354214080612776e-10	6.987623257763855e-18	1.
-3.8088137193081217	-6.464306489040019e-10	7.231626965760952e-18	1.
-3.80375656399839	-6.576304574012393e-10	7.484148206597956e-18	1.
-3.7986994086886594	-6.690241300112297e-10	7.745484216402894e-18	1.
-3.7936422533789282	-6.806150201864339e-10	8.015942601366644e-18	1.
-3.788585098069197	-6.924065393584325e-10	8.295841699121892e-18	1.
-3.7835279427594664	-7.044021579399872e-10	8.58551095318262e-18	1.
-3.778470787449735	-7.1660540634439e-10	8.88529130074319e-18	1.
-3.773413632140004	-7.290198760226609e-10	9.195535573424012e-18	1.
-3.768356476830273	-7.416492205183248e-10	9.516608918893108e-18	1.
-3.7632993215205417	-7.544971565391719e-10	9.848889190954924e-18	1.
-3.7582421662108105	-7.675674650524141e-10	1.0192767477061197e-17	1.
-3.753185010901079	-7.808639923910188e-10	1.0548648471272054e-17	1.
-3.7481278555913478	-7.943906513861415e-10	1.0916950996615126e-17	1.
-3.7430707002816166	-8.081514225154048e-10	1.1298108485337297e-17	1.
-3.7380135449718854	-8.221503550719768e-10	1.1692569490041393e-17	1.
-3.7329563896621547	-8.363915683538099e-10	1.2100798212538945e-17	1.
-3.7278992343524235	-8.50879252874159e-10	1.2523275044986232e-17	1.
-3.7228420790426924	-8.656176715907702e-10	1.2960497141072243e-17	1.
-3.7177849237329617	-8.806111611594615e-10	1.3412978995336286e-17	1.
-3.71272776842323	-8.958641332067815e-10	1.388125304933018e-17	1.
-3.707670613113499	-9.113810756259642e-10	1.436587031939246e-17	1.
-3.7026134578037677	-9.271665538945057e-10	1.4867401041063e-17	1.
-3.697556302494036	-9.432252124155269e-10	1.538643534382195e-17	1.
-3.6924991471843054	-9.59561775881371e-10	1.5923583940095085e-17	1.
-3.687441991874574	-9.761810506606354e-10	1.647947884640189e-17	1.
-3.682384836564843	-9.930879262106428e-10	1.7054774126115985e-17	1.
-3.677327681255112	-1.010287376512258e-9	1.7650146655705323e-17	1.
-3.672270525945381	-1.0277844615312525e-9	1.8266296923524307e-17	1.
-3.66721337063565	-1.0455843287033362e-9	1.890394985090279e-17	1.
-3.662156215325919	-1.0636922144467788e-9	1.9563855647038256e-17	1.
-3.6570990600161872	-1.0821134456991304e-9	2.0246790686310585e-17	1.
-3.6520419047064565	-1.1008534414818688e-9	2.0953558425874924e-17	1.
-3.646984749396725	-1.1199177144914076e-9	2.1684990346258686e-17	1.
-3.6419275940869937	-1.1393118727180588e-9	2.2441946930812884e-17	1.
-3.6368704387772626	-1.1590416210924772e-9	2.322531867594418e-17	1.
-3.6318132834675314	-1.1791127631606463e-9	2.4036027138379778e-17	1.
-3.6267561281578007	-1.1995312027885194e-9	2.4875026018119448e-17	1.
-3.6216989728480695	-1.2203029458949313e-9	2.5743302279071384e-17	1.
-3.6166418175383384	-1.2414341022151115e-9	2.664187730968962e-17	1.
-3.611584662228607	-1.2629308870948754e-9	2.7571808122644087e-17	1.
-3.6065275069188756	-1.284799623315176e-9	2.853418859670056e-17	1.
-3.601470351609145	-1.3070467429484624e-9	2.953015076493634e-17	1.
-3.5964131962994137	-1.32967878924771e-9	3.0560866141613164e-17	1.
-3.591356040989682	-1.3527024185668394e-9	3.1627547100457525e-17	1.
-3.586298885679951	-1.3761244023152224e-9	3.2731448300925814e-17	1.
-3.58124173037022	-1.3999516289458114e-9	3.387386815945832e-17	1.
-3.576184575060489	-1.4241911059773462e-9	3.505615037911037e-17	1.
-3.571127419750758	-1.4488499620517996e-9	3.627968552512205e-17	1.
-3.5660702644410267	-1.4739354490268627e-9	3.7545912659886967e-17	1.
-3.561013109131296	-1.4994549441053475e-9	3.885632103827999e-17	1.
-3.555955953821565	-1.5254159520007822e-9	4.021245184997247e-17	1.
-3.550898798511833	-1.5518261071403844e-9	4.1615900036609165e-17	1.
-3.545841643202102	-1.5786931759063933e-9	4.306831616354942e-17	1.
-3.540784487892371	-1.6060250589160108e-9	4.4571408359935826e-17	1.
-3.5357273325826397	-1.6338297933406384e-9	4.612694432534767e-17	1.
-3.5306701772729085	-1.6621155552651902e-9	4.7736753407376624e-17	1.
-3.5256130219631774	-1.6908906620882755e-9	4.940272875096764e-17	1.
-3.5205558666534467	-1.7201635749636426e-9	5.112682952253195e-17	1.
-3.5154987113437155	-1.7499429012839398e-9	5.2911083212513014e-17	1.
-3.5104415560339843	-1.7802373972073361e-9	5.475758801712691e-17	1.
-3.505384400724253	-1.811055970227701e-9	5.666851530360949e-17	1.
-3.5003272454145216	-1.8424076817892819e-9	5.864611216194651e-17	1.
-3.495270090104791	-1.8743017499464957e-9	6.069270404432569e-17	1.
-3.4902129347950597	-1.9067475520695975e-9	6.281069749755853e-17	1.
-3.485155779485328	-1.9397546275971687e-9	6.500258299088589e-17	1.
-3.480098624175597	-1.9733326808361e-9	6.727093784114622e-17	1.
-3.4750414688658657	-2.007491583809875e-9	6.961842924125092e-17	1.
-3.469984313556135	-2.0422413791561543e-9	7.204781739385218e-17	1.
-3.464927158246404	-2.0775922830743146e-9	7.456195875330088e-17	1.
-3.4598700029366727	-2.1135546883238608e-9	7.71638093821706e-17	1.
-3.4548128476269415	-2.150139167274776e-9	7.98564284237794e-17	1.
-3.449755692317211	-2.1873564750103256e-9	8.264298169540704e-17	1.
-3.444698537007479	-2.2252175524835965e-9	8.552674540829037e-17	1.
-3.439641381697748	-2.2637335297285493e-9	8.851111001556334e-17	1.
-3.434584226388017	-2.3029157291263955e-9	9.159958419500065e-17	1.
-3.4295270710782852	-2.34277566872848e-9	9.479579897154706e-17	1.
-3.4244699157685545	-2.383325065636569e-9	9.810351198151433e-17	1.
-3.4194127604588234	-2.4245758394413553e-9	1.0152661188695722e-16	1.
-3.414355605149092	-2.4665401157205337e-9	1.0506912294417746e-16	1.
-3.409298449839361	-2.5092302295971478e-9	1.0873520972940785e-16	1.
-3.4042412945296303	-2.5526587293593586e-9	1.125291820316761e-16	1.
-3.399184139219899	-2.5968383801428612e-9	1.1645549991432815e-16	1.
-3.394126983910168	-2.64178216767668e-9	1.2051877895457452e-16	1.
-3.3890698286004364	-2.6875033020939365e-9	1.2472379566442723e-16	1.
-3.384012673290705	-2.7340152218080235e-9	1.2907549309967233e-16	1.
-3.378955517980974	-2.7813315974559713e-9	1.3357898666783746e-16	1.
-3.373898362671243	-2.8294663359099703e-9	1.382395701354897e-16	1.
-3.3688412073615117	-2.878433584357883e-9	1.4306272184413077e-16	1.
-3.3637840520517805	-2.9282477344543077e-9	1.4805411114671467e-16	1.
-3.35872689674205	-2.9789234265435303e-9	1.5321960506567284e-16	1.
-3.3536697414323187	-3.0304755539551214e-9	1.585652751814286e-16	1.
-3.3486125861225875	-3.0829192673736583e-9	1.640974047651254e-16	1.
-3.3435554308128563	-3.1362699792841714e-9	1.6982249615775542e-16	1.
-3.3384982755031247	-3.1905433684940854e-9	1.7574727840454148e-16	1.
-3.333441120193394	-3.2457553847335777e-9	1.8187871516142874e-16	1.
-3.328383964883663	-3.3019222533347125e-9	1.8822401286462674e-16	1.
-3.3233268095739312	-3.3590604799916838e-9	1.9479062920430013e-16	1.
-3.3182696542642005	-3.4171868556037778e-9	2.0158628187416281e-16	1.
-3.3132124989544693	-3.4763184612010836e-9	2.0861895763832313e-16	1.
-3.308155343644738	-3.53647267295582e-9	2.158969217086307e-16	1.
-3.303098188335007	-3.5976671672796896e-9	2.2342872744897904e-16	1.
-3.2980410330252763	-3.659919926009636e-9	2.31223226422495e-16	1.
-3.292983877715545	-3.7232492416831056e-9	2.3928957878345137e-16	1.
-3.287926722405814	-3.78767372290399e-9	2.4763726403103497e-16	1.
-3.2828695670960824	-3.853212299801513e-9	2.562760921443393e-16	1.
-3.277812411786351	-3.919884229583415e-9	2.652162150996028e-16	1.
-3.2727552564766196	-3.987709102184727e-9	2.7446813878696665e-16	1.
-3.267698101166889	-4.056706846014032e-9	2.8404273535039385e-16	1.
-3.2626409458571577	-4.126897733799328e-9	2.9395125595108507e-16	1.
-3.2575837905474265	-4.198302388534268e-9	3.0420534397837836e-16	1.
-3.252526635237696	-4.2709417895277324e-9	3.148170487187856e-16	1.
-3.2474694799279646	-4.344837278556579e-9	3.257988394972919e-16	1.
-3.2424123246182335	-4.420010566125754e-9	3.371636203325352e-16	1.
-3.2373551693085023	-4.496483737836287e-9	3.4892474506941916e-16	1.
-3.2322980139987707	-4.574279260862649e-9	3.61096033067857e-16	1.
-3.22724085868904	-4.653419990542439e-9	3.736917854203969e-16	1.
-3.222183703379309	-4.733929177079247e-9	3.86726801742516e-16	1.
-3.217126548069577	-4.815830472361724e-9	4.002163975503164e-16	1.
-3.212069392759846	-4.899147936900195e-9	4.1417642223613807e-16	1.
-3.2070122374501153	-4.983906046882683e-9	4.286232776724418e-16	1.
-3.201955082140384	-5.070129701352972e-9	4.4357393747207734e-16	1.
-3.196897926830653	-5.157844229512739e-9	4.590459669098203e-16	1.
-3.191840771520922	-5.247075398149093e-9	4.750575435368203e-16	1.
-3.1867836162111907	-5.337849419190677e-9	4.916274785259145e-16	1.
-3.18172646090146	-5.4301929573944115e-9	5.087752387500925e-16	1.
-3.1766693055917283	-5.524133138164319e-9	5.265209696257609e-16	1.
-3.171612150281997	-5.619697555505347e-9	5.448855187672557e-16	1.
-3.1665549949722656	-5.7169142801149685e-9	5.638904604535884e-16	1.
-3.161497839662535	-5.8158118676137145e-9	5.835581209531548e-16	1.
-3.1564406843528037	-5.916419366918749e-9	6.039116047225735e-16	1.
-3.1513835290430725	-6.018766328759852e-9	6.249748215178468e-16	1.
-3.1463263737333413	-6.122882814344531e-9	6.46772514483542e-16	1.
-3.14126921842361	-6.228799404171884e-9	6.693302891600781e-16	1.
-3.1362120631138795	-6.336547206998054e-9	6.926746435568464e-16	1.
-3.1311549078041483	-6.446157868957047e-9	7.168329992373799e-16	1.
-3.1260977524944167	-6.5576635828380274e-9	7.418337335041666e-16	1.
-3.1210405971846855	-6.671097097523508e-9	7.677062127067939e-16	1.
-3.115983441874955	-6.786491727590294e-9	7.944808266974639e-16	1.
-3.110926286565223	-6.903881363075267e-9	8.221890244900383e-16	1.
-3.105869131255492	-7.023300479410251e-9	8.508633511763383e-16	1.
-3.100811975945761	-7.144784147528639e-9	8.80537486111075e-16	1.
-3.09575482063603	-7.268368044145264e-9	9.112462824227414e-16	1.
-3.090697665326299	-7.394088462214289e-9	9.43025807925826e-16	1.
-3.085640510016568	-7.521982321567575e-9	9.759133874337685e-16	1.
-3.0805833547068366	-7.652087179736268e-9	1.0099476465667464e-15	1.
-3.075526199397106	-7.784441242959455e-9	1.045168557044151e-15	1.
-3.0704690440873743	-7.919083377380963e-9	1.0816174836007492e-15	1.
-3.065411888777643	-8.056053120441956e-9	1.1193372325432397e-15	1.
-3.060354733467912	-8.195390692468273e-9	1.1583721019290567e-15	1.
-3.0552975781581804	-8.337137008457921e-9	1.1987679335746795e-15	1.
-3.0502404228484497	-8.481333690072116e-9	1.240572166811596e-15	1.
-3.0451832675387185	-8.628023077832366e-9	1.2838338941542085e-15	1.
-3.0401261122289873	-8.777248243528819e-9	1.3286039189020792e-15	1.
-3.035068956919256	-8.92905300284235e-9	1.3749348147186916e-15	1.
-3.030011801609525	-9.083481928183492e-9	1.422880987314935e-15	1.
-3.0249546462997943	-9.240580361753605e-9	1.4724987382818633e-15	1.
-3.0198974909900627	-9.400394428831564e-9	1.5238463311228449e-15	1.
-3.0148403356803315	-9.5629710512879e-9	1.5769840595917482e-15	1.
-3.0097831803706008	-9.728357961333541e-9	1.6319743184384078e-15	1.
-3.004726025060869	-9.896603715505147e-9	1.6888816765777037e-15	1.
-2.999668869751138	-1.0067757708891462e-8	1.7477729528569525e-15	1.
-2.994611714441407	-1.0241870189604879e-8	1.8087172943569766e-15	1.
-2.9895545591316757	-1.0418992273501145e-8	1.871786257563031e-15	1.
-2.984497403821945	-1.0599175959156122e-8	1.9370538922858044e-15	1.
-2.979440248512214	-1.0782474143097611e-8	2.0045968284636816e-15	1.
-2.9743830932024826	-1.0968940635301145e-8	2.0744943660866586e-15	1.
-2.9693259378927515	-1.1158630174952586e-8	2.146828568146791e-15	1.
-2.96426878258302	-1.1351598446481799e-8	2.221684356906817e-15	1.
-2.959211627273289	-1.154790209587382e-8	2.29914961350389e-15	1.
-2.954154471963558	-1.1747598747260731e-8	2.3793152809610596e-15	1.
-2.9490973166538264	-1.1950747019798339e-8	2.4622754708557858e-15	1.
-2.944040161344095	-1.2157406544835254e-8	2.548127573698936e-15	1.
-2.9389830060343645	-1.2367637983377702e-8	2.6369723730885895e-15	1.
-2.9339258507246333	-1.2581503043853655e-8	2.7289141639017025e-15	1.
-2.928868695414902	-1.2799064500184618e-8	2.824060874604619e-15	1.
-2.923811540105171	-1.3020386210168719e-8	2.9225241937536325e-15	1.
-2.9187543847954402	-1.3245533134180605e-8	3.0244197010231767e-15	1.
-2.913697229485709	-1.3474571354191921e-8	3.129867002558661e-15	1.
-2.9086400741759775	-1.370756809312e-8	3.238989871377776e-15	1.
-2.9035829188662463	-1.3944591734512982e-8	3.351916392383052e-15	1.
-2.8985257635565147	-1.418571184256951e-8	3.4687791125122815e-15	1.
-2.893468608246784	-1.4430999182506392e-8	3.5897151961766495e-15	1.
-2.888411452937053	-1.468052574127571e-8	3.7148665859656945e-15	1.
-2.8833542976273216	-1.4934364748638427e-8	3.844380169095705e-15	1.
-2.8782971423175905	-1.5192590698602762e-8	3.978407949610344e-15	1.
-2.8732399870078598	-1.5455279371230206e-8	4.11710722645713e-15	1.
-2.8681828316981286	-1.5722507854816802e-8	4.260640777914909e-15	1.
-2.8631256763883974	-1.5994354568458056e-8	4.4091770524235354e-15	1.
-2.858068521078666	-1.6270899285001564e-8	4.5628903659068305e-15	1.
-2.853011365768935	-1.6552223154393625e-8	4.721961106112791e-15	1.
-2.847954210459204	-1.6838408727429843e-8	4.886575944069318e-15	1.
-2.8428970551494723	-1.7129539979913825e-8	5.056928052764044e-15	1.
-2.837839899839741	-1.742570233723301e-8	5.233217333595607e-15	1.
-2.83278274453001	-1.7726982699353337e-8	5.415650650438425e-15	1.
-2.8277255892202793	-1.803346946624854e-8	5.604442072348418e-15	1.
-2.822668433910548	-1.83452525637679e-8	5.7998131241149195e-15	1.
-2.817611278600817	-1.866242346994412e-8	6.001993045961885e-15	1.
-2.812554123291086	-1.8985075241759894e-8	6.211219062133835e-15	1.
-2.807496967981355	-1.931330254237037e-8	6.427736658723156e-15	1.
-2.8024398126716235	-1.96472016687963e-8	6.651799871382335e-15	1.
-2.7973826573618923	-1.9986870580094773e-8	6.883671582959827e-15	1.
-2.7923255020521607	-2.0332408926012937e-8	7.12362383129208e-15	1.
-2.78726834674243	-2.0683918076133888e-8	7.371938128000847e-15	1.
-2.782211191432699	-2.1041501149527938e-8	7.628905788328796e-15	1.
-2.7771540361229676	-2.1405263044910352e-8	7.894828272151304e-15	1.
-2.7720968808132365	-2.17753104713183e-8	8.170017537184787e-15	1.
-2.7670397255035053	-2.2151751979317205e-8	8.454796404455467e-15	1.
-2.7619825701937746	-2.2534697992743508e-8	8.749498936305792e-15	1.
-2.7569254148840434	-2.292426084099405e-8	9.054470827515722e-15	1.
-2.751868259574312	-2.3320554791864862e-8	9.370069810181735e-15	1.
-2.7468111042645806	-2.3723696084963817e-8	9.696666072959954e-15	1.
-2.7417539489548495	-2.4133802965693574e-8	1.0034642694025203e-14	1.
-2.736696793645118	-2.4550995719816253e-8	1.0384396090063284e-14	1.
-2.731639638335387	-2.497539670861852e-8	1.0746336480197684e-14	1.
-2.726582483025656	-2.5407130404674992e-8	1.1120888366304856e-14	1.
-2.721525327715925	-2.584632342822938e-8	1.1508491030112108e-14	1.
-2.716468172406194	-2.629310458420366e-8	1.1909599047478568e-14	1.
-2.711411017096463	-2.6747604899838402e-8	1.2324682820336169e-14	1.
-2.7063538617867318	-2.720995766298155e-8	1.275422912755209e-14	1.
-2.7012967064770006	-2.768029846103931e-8	1.31987416948412e-14	1.
-2.696239551167269	-2.8158765220591178e-8	1.365874178398201e-14	1.
-2.6911823958575383	-2.8645498247686207e-8	1.4134768803167013e-14	1.
-2.6861252405478067	-2.914064026883597e-8	1.462738093846543e-14	1.
-2.6810680852380755	-2.9644336472708652e-8	1.513715580696402e-14	1.
-2.6760109299283443	-3.015673455254019e-8	1.5664691132282073e-14	1.
-2.6709537746186136	-3.067798474926846e-8	1.6210605444609187e-14	1.
-2.6658966193088824	-3.120823989542054e-8	1.6775538804549494e-14	1.
-2.6608394639991513	-3.174765545974326e-8	1.7360153551266394e-14	1.
-2.6557823086894206	-3.2296389592602906e-8	1.796513507834978e-14	1.
-2.650725153379689	-3.2854603172169e-8	1.8591192635040746e-14	1.
-2.645667998069958	-3.3422459851383034e-8	1.9239060156027468e-14	1.
-2.6406108427602266	-3.400012610573852e-8	1.990949712046386e-14	1.
-2.6355536874504955	-3.4587771281884976e-8	2.060328943986908e-14	1.
-2.6304965321407647	-3.51855676470574e-8	2.132125037748217e-14	1.
-2.625439376831033	-3.579369043935837e-8	2.2064221499648345e-14	1.
-2.620382221521302	-3.6412317918908365e-8	2.283307366006971e-14	1.
-2.615325066211571	-3.704163141986502e-8	2.3628708017774212e-14	1.
-2.6102679109018396	-3.768181540333697e-8	2.4452057091322664e-14	1.
-2.605210755592109	-3.833305751121245e-8	2.5304085849379676e-14	1.
-2.6001536002823777	-3.899554862090566e-8	2.618579283885882e-14	1.
-2.595096444972646	-3.966948290104014e-8	2.7098211351382186e-14	1.
-2.5900392896629154	-4.035505786808676e-8	2.8042410632975062e-14	1.
-2.584982134353184	-4.105247444398616e-8	2.901949713324938e-14	1.
-2.579924979043453	-4.176193701473995e-8	3.003061579798064e-14	1.
-2.574867823733722	-4.2483653490020515e-8	3.1076951409072524e-14	1.
-2.5698106684239903	-4.321783536379932e-8	3.215972996776472e-14	1.
-2.5647535131142596	-4.3964697776008185e-8	3.3280220127654105e-14	1.
-2.5596963578045284	-4.472445957526474e-8	3.4439734678480515e-14	1.
-2.5546392024947973	-4.549734338267536e-8	3.5639632078770996e-14	1.
-2.549582047185066	-4.628357565671978e-8	3.68813180431399e-14	1.
-2.5445248918753345	-4.708338675925493e-8	3.8166247185899525e-14	1.
-2.5394677365656038	-4.7897011022655665e-8	3.949592471920611e-14	1.
-2.5344105812558726	-4.872468681809276e-8	4.087190821148253e-14	1.
-2.5293534259461414	-4.956665662498285e-8	4.229580940743712e-14	1.
-2.5242962706364103	-5.0423167101640736e-8	4.376929611015137e-14	1.
-2.519239115326679	-5.1294469157129327e-8	4.5294094129334866e-14	1.
-2.514181960016948	-5.218081802433437e-8	4.6871989294605515e-14	1.
-2.5091248047072168	-5.3082473334301405e-8	4.850482954442294e-14	1.
-2.5040676493974856	-5.3999699191850025e-8	5.019452708095712e-14	1.
-2.4990104940877544	-5.4932764252458895e-8	5.194306060265257e-14	1.
-2.4939533387780237	-5.5881941800492723e-8	5.375247761666969e-14	1.
-2.488896183468292	-5.6847509828753374e-8	5.562489682575154e-14	1.
-2.483839028158561	-5.7829751119385806e-8	5.756251060202027e-14	1.
-2.4787818728488302	-5.8828953326183724e-8	5.956758754826798e-14	1.
-2.473724717539099	-5.984540905829805e-8	6.164247514194275e-14	1.
-2.468667562229368	-6.087941596536262e-8	6.378960247472148e-14	1.
-2.4636104069196363	-6.193127682409042e-8	6.601148308998108e-14	1.
-2.458553251609905	-6.300129962635268e-8	6.831071791179159e-14	1.
-2.453496096300174	-6.408979766874603e-8	7.06899982788502e-14	1.
-2.4484389409904432	-6.519708964369744e-8	7.315210908703852e-14	1.
-2.443381785680712	-6.63234997321407e-8	7.569993203471149e-14	1.
-2.4383246303709805	-6.746935769776052e-8	7.833644898396836e-14	1.
-2.4332674750612493	-6.863499898283047e-8	8.106474543618075e-14	1.
-2.4282103197515186	-6.982076480572351e-8	8.388801413418012e-14	1.
-2.4231531644417874	-7.102700226007104e-8	8.680955877902487e-14	1.
-2.4180960091320562	-7.225406441559259e-8	8.983279788347981e-14	1.
-2.4130388538223255	-7.350231042068944e-8	9.296126875894364e-14	1.
-2.4079816985125935	-7.4772105606755e-8	9.619863163293467e-14	1.
-2.4029245432028628	-7.606382159426288e-8	9.954867391659987e-14	1.
-2.3978673878931316	-7.737783640069633e-8	1.030153146221773e-13	1.
-2.3928102325834004	-7.871453455029264e-8	1.0660260892155602e-13	1.
-2.3877530772736697	-8.007430718564978e-8	1.1031475287204207e-13	1.
-2.382695921963938	-8.145755218126389e-8	1.1415608831058626e-13	1.
-2.377638766654207	-8.286467425899082e-8	1.181311079018825e-13	1.
-2.3725816113444758	-8.429608510545447e-8	1.2224446037065683e-13	1.
-2.3675244560347446	-8.575220349147841e-8	1.2650095592256591e-13	1.
-2.362467300725014	-8.723345539355747e-8	1.309055718378318e-13	1.
-2.3574101454152823	-8.87402741173798e-8	1.3546345826152782e-13	1.
-2.352352990105551	-9.027310042343103e-8	1.4017994420510048e-13	1.
-2.34729583479582	-9.183238265479901e-8	1.450605437487054e-13	1.
-2.3422386794860888	-9.341857686710385e-8	1.5011096244745697e-13	1.
-2.337181524176358	-9.503214696062981e-8	1.553371039806611e-13	1.
-2.3321243688666264	-9.667356481476299e-8	1.6074507701427234e-13	1.
-2.3270672135568953	-9.834331042465358e-8	1.6634120230440297e-13	1.
-2.3220100582471646	-1.0004187204021128e-7	1.721320200500042e-13	1.
-2.3169529029374334	-1.017697463075136e-7	1.78124297503184e-13	1.
-2.3118957476277022	-1.0352743841255964e-7	1.8432503682558016e-13	1.
-2.306838592317971	-1.0531546222746778e-7	1.907414832327161e-13	1.
-2.3017814370082395	-1.0713434045920712e-7	1.9738113342589477e-13	1.
-2.2967242816985087	-1.0898460480081306e-7	2.0425174428630933e-13	1.
-2.2916671263887776	-1.1086679608515178e-7	2.1136134189215246e-13	1.
-2.2866099710790464	-1.1278146444134429e-7	2.1871823085863365e-13	1.
-2.2815528157693152	-1.1472916945382764e-7	2.2633100396859476e-13	1.
-2.276495660459584	-1.1671048032408544e-7	2.3420855214331523e-13	1.
-2.271438505149853	-1.1872597603515154e-7	2.4236007479560695e-13	1.
-2.2663813498401217	-1.2077624551880136e-7	2.5079509047825844e-13	1.
-2.2613241945303906	-1.228618878258984e-7	2.595234479589064e-13	1.
-2.25626703922066	-1.2498351229914586e-7	2.6855533763711286e-13	1.
-2.2512098839109282	-1.271417387491186e-7	2.7790130336210675e-13	1.
-2.246152728601197	-1.2933719763317557e-7	2.8757225468981665e-13	1.
-2.241095573291466	-1.3157053023735427e-7	2.9757947950326045e-13	1.
-2.2360384179817347	-1.3384238886141815e-7	3.07934657143316e-13	1.
-2.230981262672004	-1.3615343700696117e-7	3.1864987191461635e-13	1.
-2.225924107362273	-1.3850434956875168e-7	3.297376271196371e-13	1.
-2.2208669520525413	-1.4089581302927351e-7	3.412108595414566e-13	1.
-2.21580979674281	-1.4332852565656927e-7	3.530829544371134e-13	1.
-2.210752641433079	-1.4580319770542272e-7	3.6536776104636826e-13	1.
-2.205695486123348	-1.483205516219578e-7	3.780796086308309e-13	1.
-2.200638330813617	-1.5088132225156962e-7	3.9123332309773076e-13	1.
-2.1955811755038854	-1.5348625705066446e-7	4.0484424411042895e-13	1.
-2.1905240201941543	-1.5613611630156966e-7	4.189282429045135e-13	1.
-2.1854668648844235	-1.5883167333137055e-7	4.335017406293485e-13	1.
-2.1804097095746924	-1.615737147343128e-7	4.4858172735534467e-13	1.
-2.175352554264961	-1.643630405979655e-7	4.641857817313242e-13	1.
-2.1702953989552296	-1.672004647332279e-7	4.803320913303481e-13	1.
-2.1652382436454984	-1.7008681490812906e-7	4.970394736524991e-13	1.
-2.1601810883357677	-1.7302293308563683e-7	5.143273979064043e-13	1.
-2.1551239330260366	-1.760096756654643e-7	5.322160075283788e-13	1.
-2.1500667777163054	-1.7904791372991117e-7	5.507261434180493e-13	1.
-2.145009622406574	-1.8213853329380157e-7	5.698793680403053e-13	1.
-2.139952467096843	-1.8528243555869446e-7	5.896979903339562e-13	1.
-2.134895311787112	-1.884805371713539e-7	6.10205091496174e-13	1.
-2.1298381564773807	-1.917337704865282e-7	6.314245515799573e-13	1.
-2.12478100116765	-1.9504308383409607e-7	6.533810770842518e-13	1.
-2.119723845857919	-1.9840944179077942e-7	6.761002294651411e-13	1.
-2.1146666905481872	-2.0183382545638774e-7	6.996084546509736e-13	1.
-2.109609535238456	-2.0531723273467427e-7	7.239331134834246e-13	1.
-2.104552379928725	-2.088606786188419e-7	7.491025132980772e-13	1.
-2.099495224618994	-2.1246519548192065e-7	7.751459405545344e-13	1.
-2.094438069309263	-2.1613183337198246e-7	8.02093694617769e-13	1.
-2.0893809139995314	-2.1986166031227426e-7	8.299771225948816e-13	1.
-2.0843237586898002	-2.2365576260630222e-7	8.588286554775576e-13	1.
-2.079266603380069	-2.2751524514812626e-7	8.886818454821894e-13	1.
-2.0742094480703384	-2.3144123173779638e-7	9.195714047090468e-13	1.
-2.069152292760607	-2.354348654020481e-7	9.515332450037685e-13	1.
-2.0640951374508756	-2.394973087202643e-7	9.846045193164548e-13	1.
-2.0590379821411444	-2.4362974415601276e-7	1.018823664422724e-12	1.
-2.0539808268314133	-2.4783337439401085e-7	1.0542304451594066e-12	1.
-2.0489236715216825	-2.521094226827818e-7	1.0908660000452109e-12	1.
-2.0438665162119514	-2.5645913318286974e-7	1.1287728885516623e-12	1.
-2.0388093609022198	-2.608837713209818e-7	1.16799514009657e-12	1.
-2.0337522055924886	-2.6538462414999694e-7	1.2085783044342458e-12	1.
-2.028695050282758	-2.6996300071486065e-7	1.250569504087907e-12	1.
-2.0236378949730267	-2.74620232424656e-7	1.294017488272979e-12	1.
-2.0185807396632955	-2.7935767343080933e-7	1.3389726889916016e-12	1.
-2.0135235843535644	-2.841767010116029e-7	1.3854872786804594e-12	1.
-2.008466429043833	-2.8907871596292367e-7	1.4336152300696738e-12	1.
-2.003409273734102	-2.940651429956683e-7	1.4834123781140335e-12	1.
-1.9983521184243709	-2.9913743113958464e-7	1.5349364837869554e-12	1.
-1.99329496311464	-3.0429705415387433e-7	1.5882473003589195e-12	1.
-1.9882378078049088	-3.0954551094455744e-7	1.6434066416655328e-12	1.
-1.9831806524951774	-3.1488432598863133e-7	1.7004784529157567e-12	1.
-1.9781234971854462	-3.203150497654347e-7	1.7595288837477757e-12	1.
-1.9730663418757153	-3.2583925919489045e-7	1.820626363912445e-12	1.
-1.9680091865659841	-3.3145855808320144e-7	1.8838416814236095e-12	1.
-1.962952031256253	-3.371745775756336e-7	1.9492480633903296e-12	1.
-1.9578948759465216	-3.4298897661700386e-7	2.0169212597300276e-12	1.
-1.9528377206367904	-3.489034424195181e-7	2.086939629440056e-12	1.
-1.9477805653270595	-3.549196909384332e-7	2.1593842302205364e-12	1.
-1.9427234100173285	-3.610394673555266e-7	2.2343389106704818e-12	1.
-1.9376662547075973	-3.6726454657031607e-7	2.3118904059890817e-12	1.
-1.9326090993978662	-3.7359673369962573e-7	2.392128436786286e-12	1.
-1.9275519440881346	-3.8003786458502013e-7	2.475145811172833e-12	1.
-1.9224947887784036	-3.8658980630883394e-7	2.56103853054023e-12	1.
-1.9174376334686725	-3.932544577183468e-7	2.649905898502963e-12	1.
-1.9123804781589415	-4.000337499587491e-7	2.7418506342592974e-12	1.
-1.9073233228492106	-4.069296470147563e-7	2.8369789888739774e-12	1.
-1.902266167539479	-4.1394414626082444e-7	2.9354008662305663e-12	1.
-1.897209012229748	-4.2107927902074414e-7	3.037229947948812e-12	1.
-1.8921518569200169	-4.283371111359622e-7	3.1425838219315674e-12	1.
-1.8870947016102857	-4.3571974354330224e-7	3.251584116392375e-12	1.
-1.8820375463005548	-4.4322931286214716e-7	3.364356637113538e-12	1.
-1.8769803909908231	-4.5086799199086304e-7	3.4810315104669187e-12	1.
-1.8719232356810922	-4.5863799071334775e-7	3.601743330644777e-12	1.
-1.866866080371361	-4.6654155631488887e-7	3.726631311668603e-12	1.
-1.86180892506163	-4.745809742083273e-7	3.855839445588961e-12	1.
-1.856751769751899	-4.82758568570296e-7	3.989516664488089e-12	1.
-1.8516946144421673	-4.910767029874706e-7	4.127817009407753e-12	1.
-1.8466374591324364	-4.995377811137453e-7	4.270899804063366e-12	1.
-1.8415803038227054	-5.081442473373804e-7	4.41892983430956e-12	1.
-1.8365231485129743	-5.168985874593461e-7	4.572077534871002e-12	1.
-1.8314659932032433	-5.258033293824259e-7	4.730519180478366e-12	1.
-1.826408837893512	-5.348610438111691e-7	4.89443708530543e-12	1.
-1.8213516825837806	-5.440743449635988e-7	5.0640198078270725e-12	1.
-1.8162945272740494	-5.534458912935977e-7	5.2394623626441755e-12	1.
-1.8112373719643184	-5.629783862254373e-7	5.4209664407358514e-12	1.
-1.8061802166545875	-5.72674578899871e-7	5.608740635021539e-12	1.
-1.8011230613448563	-5.825372649317846e-7	5.8030006754077675e-12	1.
-1.7960659060351247	-5.925692871806492e-7	6.003969670554536e-12	1.
-1.7910087507253938	-6.027735365323325e-7	6.211878357774264e-12	1.
-1.7859515954156628	-6.131529526941902e-7	6.42696536247032e-12	1.
-1.7808944401059317	-6.237105250022358e-7	6.649477464278924e-12	1.
-1.7758372847962005	-6.344492932410283e-7	6.879669874229385e-12	1.
-1.770780129486469	-6.45372348477233e-7	7.117806519544612e-12	1.
-1.765722974176738	-6.564828339053177e-7	7.364160338426186e-12	1.
-1.760665818867007	-6.677839457076394e-7	7.619013585598129e-12	1.
-1.7556086635572759	-6.792789339273823e-7	7.882658146152131e-12	1.
-1.7505515082475447	-6.909711033552407e-7	8.155395862093443e-12	1.
-1.7454943529378137	-7.02863814430737e-7	8.43753886771515e-12	1.
-1.7404371976280824	-7.149604841565532e-7	8.729409937111323e-12	1.
-1.7353800423183512	-7.272645870283644e-7	9.03134284404917e-12	1.
-1.73032288700862	-7.397796559783795e-7	9.343682731357898e-12	1.
-1.725265731698889	-7.525092833336726e-7	9.666786495966674e-12	1.
-1.720208576389158	-7.65457121790219e-7	1.0001023183325988e-11	1.
-1.7151514210794263	-7.786268854007903e-7	1.0346774396934117e-11	1.
-1.7100942657696954	-7.92022350579613e-7	1.0704434721913225e-11	1.
-1.7050371104599644	-8.056473571215424e-7	1.1074412159508696e-11	1.
-1.6999799551502333	-8.195058092372088e-7	1.1457128580799839e-11	1.
-1.6949227998405023	-8.336016766049525e-7	1.1853020190547646e-11	1.
-1.6898656445307707	-8.479389954375167e-7	1.2262538008834355e-11	1.
-1.6848084892210395	-8.625218695667446e-7	1.2686148370051845e-11	1.
-1.6797513339113086	-8.773544715437437e-7	1.3124333433205309e-11	1.
-1.6746941786015774	-8.924410437563798e-7	1.3577591716624465e-11	1.
-1.6696370232918465	-9.077858995643302e-7	1.4046438642104235e-11	1.
-1.6645798679821149	-9.233934244501089e-7	1.4531407102489176e-11	1.
-1.6595227126723837	-9.39268077189457e-7	1.5033048047703946e-11	1.
-1.6544655573626528	-9.554143910379524e-7	1.555193108456174e-11	1.
-1.6494084020529218	-9.718369749364426e-7	1.608864510574783e-11	1.
-1.6443512467431907	-9.885405147349757e-7	1.6643798928600948e-11	1.
-1.6392940914334597	-1.0055297744338428e-6	1.7218021962730397e-11	1.
-1.6342369361237281	-1.0228095974454275e-6	1.781196489802727e-11	1.
-1.629179780813997	-1.040384907873049e-6	1.8426300409216658e-11	1.
-1.624122625504266	-1.058260711810194e-6	1.90617238950312e-11	1.
-1.619065470194535	-1.0764420986592174e-6	1.9718954227618095e-11	1.
-1.614008314884804	-1.0949342424683338e-6	2.039873453711406e-11	1.
-1.6089511595750723	-1.1137424032908853e-6	2.110183301900768e-11	1.
-1.6038940042653413	-1.1328719285625468e-6	2.182904376055385e-11	1.
-1.5988368489556102	-1.1523282545001903e-6	2.258118760902787e-11	1.
-1.5937796936458792	-1.1721169075215734e-6	2.335911305009711e-11	1.
-1.588722538336148	-1.192243505684458e-6	2.4163697129924088e-11	1.
-1.5836653830264165	-1.212713760149482e-6	2.4995846399645286e-11	1.
-1.5786082277166855	-1.2335334766616424e-6	2.5856497886183046e-11	1.
-1.5735510724069546	-1.2547085570554057e-6	2.6746620110012742e-11	1.
-1.5684939170972234	-1.2762450007814376e-6	2.7667214114132798e-11	1.
-1.5634367617874925	-1.2981489064541264e-6	2.861931454592998e-11	1.
-1.5583796064777609	-1.320426473424376e-6	2.960399076268688e-11	1.
-1.5533224511680297	-1.3430840033717983e-6	3.06223479696491e-11	1.
-1.5482652958582988	-1.3661279019223886e-6	3.167552841219985e-11	1.
-1.5432081405485676	-1.389564680288649e-6	3.27647125803142e-11	1.
-1.5381509852388366	-1.4134009569319679e-6	3.389112047646702e-11	1.
-1.5330938299291055	-1.437643459251756e-6	3.5056012908188896e-11	1.
-1.5280366746193739	-1.4622990252947403e-6	3.626069282121666e-11	1.
-1.522979519309643	-1.4873746054916872e-6	3.750650669388686e-11	1.
-1.5179223639999118	-1.5128772644175096e-6	3.8794845946868323e-11	1.
-1.5128652086901808	-1.5388141825747355e-6	4.0127148425226685e-11	1.
-1.5078080533804499	-1.5651926582055776e-6	4.150489991005195e-11	1.
-1.5027508980707183	-1.5920201091247666e-6	4.2929635678582065e-11	1.
-1.4976937427609873	-1.6193040745821082e-6	4.4402942131410806e-11	1.
-1.4926365874512562	-1.6470522171484794e-6	4.5926458441502444e-11	1.
-1.487579432141525	-1.6752723246273262e-6	4.7501878286304687e-11	1.
-1.482522276831794	-1.7039723119959995e-6	4.913095161088925e-11	1.
-1.4774651215220624	-1.7331602233685525e-6	5.081548645256134e-11	1.
-1.4724079662123313	-1.7628442339903996e-6	5.255735083770583e-11	1.
-1.4673508109026003	-1.793032652256908e-6	5.4358474708858906e-11	1.
-1.4622936555928694	-1.823733921759171e-6	5.6220851945365504e-11	1.
-1.4572365002831382	-1.8549566233609446e-6	5.814654241780303e-11	1.
-1.4521793449734073	-1.8867094772977707e-6	6.01376741190312e-11	1.
-1.4471221896636757	-1.9190013453100503e-6	6.219644537454533e-11	1.
-1.4420650343539445	-1.9518412328004425e-6	6.43251270866224e-11	1.
-1.4370078790442136	-1.9852382910202726e-6	6.652606509372864e-11	1.
-1.4319507237344824	-2.0192018192874525e-6	6.880168255725882e-11	1.
-1.4268935684247515	-2.0537412672300078e-6	7.115448245224838e-11	1.
-1.4218364131150198	-2.0888662370609117e-6	7.358705012478929e-11	1.
-1.4167792578052887	-2.1245864858821793e-6	7.61020559408152e-11	1.
-1.4117221024955577	-2.1609119280175666e-6	7.870225796984466e-11	1.
-1.4066649471858268	-2.1978526373769235e-6	8.139050482067773e-11	1.
-1.4016077918760956	-2.235418849849176e-6	8.416973851164299e-11	1.
-1.3965506365663642	-2.273620965726651e-6	8.704299744629728e-11	1.
-1.391493481256633	-2.3124695521594954e-6	9.001341947429904e-11	1.
-1.386436325946902	-2.3519753456405453e-6	9.308424506071815e-11	1.
-1.381379170637171	-2.3921492545226546e-6	9.625882051857062e-11	1.
-1.3763220153274398	-2.4330023615650326e-6	9.954060137839066e-11	1.
-1.3712648600177082	-2.47454592651262e-6	1.0293315583288358e-10	1.
-1.3662077047079773	-2.516791388705888e-6	1.0644016828238856e-10	1.
-1.3611505493982463	-2.559750369723564e-6	1.1006544301951985e-10	1.
-1.3560933940885151	-2.603434676055755e-6	1.1381290797668752e-10	1.
-1.3510362387787842	-2.647856301810142e-6	1.1768661862293913e-10	1.
-1.345979083469053	-2.69302743144993e-6	1.2169076195981338e-10	1.
-1.3409219281593214	-2.7389604425641686e-6	1.2582966063946803e-10	1.
-1.3358647728495905	-2.785667908670505e-6	1.301077772027506e-10	1.
-1.3308076175398595	-2.833162602050119e-6	1.3452971851864936e-10	1.
-1.3257504622301284	-2.8814574966174873e-6	1.3910023993584692e-10	1.
-1.3206933069203974	-2.9305657708178244e-6	1.438242505209542e-10	1.
-1.3156361516106658	-2.980500810564395e-6	1.4870681732085756e-10	1.
-1.3105789963009347	-3.031276212203343e-6	1.5375317036334283e-10	1.
-1.3055218409912037	-3.082905785512829e-6	1.5896870782894975e-10	1.
-1.3004646856814726	-3.1354035567377812e-6	1.6435900110911895e-10	1.
-1.2954075303717414	-3.188783771654753e-6	1.6992980020208412e-10	1.
-1.29035037506201	-3.243060898670734e-6	1.756870392278864e-10	1.
-1.2852932197522788	-3.2982496319565604e-6	1.8163684198594409e-10	1.
-1.280236064442548	-3.3543648946128596e-6	1.8778552786151346e-10	1.
-1.2751789091328167	-3.411421841868056e-6	1.9413961775179418e-10	1.
-1.2701217538230858	-3.4694358643117325e-6	2.007058402236775e-10	1.
-1.2650645985133546	-3.528422591158022e-6	2.0749113571596831e-10	1.
-1.2600074432036232	-3.5883978935494602e-6	2.1450267358083885e-10	1.
-1.254950287893892	-3.6493778878821832e-6	2.2174783775530815e-10	1.
-1.2498931325841611	-3.7113789391754405e-6	2.2923425454720663e-10	1.
-1.24483597727443	-3.7744176644681402e-6	2.36969789295641e-10	1.
-1.239778821964699	-3.838510936249287e-6	2.4496255576473857e-10	1.
-1.2347216666549674	-3.903675885924343e-6	2.532209233705189e-10	1.
-1.2296645113452365	-3.969929907306296e-6	2.6175352518955437e-10	1.
-1.2246073560355053	-4.03729066014919e-6	2.7056926553851517e-10	1.
-1.2195502007257744	-4.105776073706783e-6	2.7967732820667554e-10	1.
-1.2144930454160432	-4.175404350326991e-6	2.8908718473820246e-10	1.
-1.2094358901063116	-4.246193969074591e-6	2.988086029475671e-10	1.
-1.2043787347965806	-4.3181636893918005e-6	3.088516557495115e-10	1.
-1.1993215794868495	-4.391332554781326e-6	3.192267300911505e-10	1.
-1.1942644241771185	-4.465719896530426e-6	3.299445362129128e-10	1.
-1.1892072688673874	-4.541345337458309e-6	3.4101611722278924e-10	1.
-1.184150113557656	-4.618228795696034e-6	3.524528587607708e-10	1.
-1.1790929582479248	-4.696390488498806e-6	3.642664986784945e-10	1.
-1.1740358029381939	-4.775850936087927e-6	3.7646913836216113e-10	1.
-1.1689786476284627	-4.856630965513086e-6	3.890732518688327e-10	1.
-1.1639214923187318	-4.938751714562095e-6	4.0209169762044356e-10	1.
-1.1588643370090006	-5.022234635678315e-6	4.155377293095573e-10	1.
-1.153807181699269	-5.107101499923706e-6	4.2942500703384244e-10	1.
-1.1487500263895378	-5.193374400951998e-6	4.4376761013712914e-10	1.
-1.143692871079807	-5.281075759031336e-6	4.5858004633124047e-10	1.
-1.138635715770076	-5.3702283250655595e-6	4.738772674618705e-10	1.
-1.1335785604603448	-5.4608551846721475e-6	4.896746800233184e-10	1.
-1.1285214051506132	-5.552979762252679e-6	5.059881579776692e-10	1.
-1.1234642498408822	-5.646625825118362e-6	5.228340567574607e-10	1.
-1.118407094531151	-5.741817487616353e-6	5.402292266856449e-10	1.
-1.1133499392214201	-5.838579215293941e-6	5.581910263611783e-10	1.
-1.1082927839116892	-5.936935829077417e-6	5.767373375409943e-10	1.
-1.1032356286019576	-6.036912509471564e-6	5.958865789187117e-10	1.
-1.0981784732922264	-6.138534800790109e-6	6.156577214455342e-10	1.
-1.0931213179824955	-6.241828615392007e-6	6.360703038296994e-10	1.
-1.0880641626727645	-6.3468202379490915e-6	6.571444474985961e-10	1.
-1.0830070073630333	-6.4535363297212165e-6	6.789008734342564e-10	1.
-1.0779498520533017	-6.562003932858324e-6	7.013609177889831e-10	1.
-1.0728926967435706	-6.672250474711607e-6	7.245465490139057e-10	1.
-1.0678355414338396	-6.784303772163459e-6	7.484803848712117e-10	1.
-1.0627783861241087	-6.898192035969191e-6	7.731857100332826e-10	1.
-1.0577212308143775	-7.013943875113305e-6	7.98686493952837e-10	1.
-1.0526640755046466	-7.1315883011767e-6	8.250074092052747e-10	1.
-1.047606920194915	-7.2511547327146746e-6	8.521738502242691e-10	1.
-1.042549764885184	-7.372672999644044e-6	8.802119524526794e-10	1.
-1.0374926095754529	-7.4961733476387995e-6	9.09148611921056e-10	1.
-1.0324354542657217	-7.621686442530288e-6	9.39011505198369e-10	1.
-1.0273782989559908	-7.74924337471908e-6	9.698291099429871e-10	1.
-1.0223211436462591	-7.878875663578747e-6	1.0016307255695755e-9	1.
-1.017263988336528	-8.010615261878777e-6	1.0344464947748105e-9	1.
-1.012206833026797	-8.144494560188963e-6	1.0683074251182062e-9	1.
-1.007149677717066	-8.28054639130425e-6	1.1032454112576629e-9	1.
-1.002092522407335	-8.418804034648095e-6	1.1392932576848035e-9	1.
-0.9970353670976034	-8.55930122068498e-6	1.1764847017496862e-9	1.
-0.9919782117878724	-8.702072135323623e-6	1.2148544373249338e-9	1.
-0.9869210564781413	-8.84715142430942e-6	1.2544381386985678e-9	1.
-0.9818639011684103	-8.99457419761475e-6	1.2952724852581865e-9	1.
-0.9768067458586791	-9.144376033813138e-6	1.3373951863381823e-9	1.
-0.9717495905489482	-9.296592984443826e-6	1.3808450068618394e-9	1.
-0.9666924352392166	-9.451261578359157e-6	1.4256617930061581e-9	1.
-0.9616352799294855	-9.608418826059117e-6	1.471886498910907e-9	1.
-0.9565781246197546	-9.768102224004698e-6	1.5195612134212669e-9	1.
-0.9515209693100234	-9.930349758911898e-6	1.5687291875591076e-9	1.
-0.9464638140002924	-0.000010095199912022685	1.6194348622992207e-9	1.
-0.9414066586905608	-0.000010262691663352087	1.6717238970832413e-9	1.
-0.9363495033808298	-0.000010432864495907958	1.7256431986074719e-9	1.
-0.9312923480710986	-0.000010605758399881376	1.7812409501332884e-9	1.
-0.9262351927613677	-0.000010781413876808629	1.8385666413769911e-9	1.
-0.9211780374516366	-0.000010959871943691977	1.8976710988717902e-9	1.
-0.916120882141905	-0.000011141174137094808	1.958606516695427e-9	1.
-0.911063726832174	-0.000011325362517191295	2.021426487860092e-9	1.
-0.9060065715224429	-0.000011512479671776761	2.086186036031585e-9	1.
-0.9009494162127119	-0.000011702568720237009	2.152941647812169e-9	1.
-0.8958922609029809	-0.000011895673317468048	2.221751305542721e-9	1.
-0.8908351055932493	-0.000012091837657751959	2.2926745205620332e-9	1.
-0.8857779502835182	-0.000012291106478578297	2.365772366650062e-9	1.
-0.8807207949737872	-0.000012493525064412709	2.4411075146871556e-9	1.
-0.8756636396640561	-0.000012699139250411096	2.518744266569577e-9	1.
-0.870606484354325	-0.00001290799542607404	2.5987485911297274e-9	1.
-0.865549329044594	-0.000013120140538837124	2.6811881589189494e-9	1.
-0.8604921737348625	-0.000013335622097599829	2.7661323787394645e-9	1.
-0.8554350184251314	-0.000013554488176186618	2.8536524337140147e-9	1.
-0.8503778631154004	-0.000013776787416736437	2.9438213183161973e-9	1.
-0.8453207078056693	-0.000014002569033022124	3.036713875388477e-9	1.
-0.8402635524959383	-0.000014231882813688383	3.1324068342217442e-9	1.
-0.8352063971862067	-0.000014464779125418327	3.2309788482024737e-9	1.
-0.8301492418764757	-0.000014701308916011913	3.3325105335030758e-9	1.
-0.8250920865667446	-0.00001494152371738535	3.437084507666335e-9	1.
-0.8200349312570135	-0.000015185475648474628	3.544785429172239e-9	1.
-0.8149777759472825	-0.000015433217418058244	3.655700036572234e-9	1.
-0.8099206206375509	-0.00001568480232747846	3.769917188530805e-9	1.
-0.8048634653278198	-0.000015940284273270627	3.887527904051135e-9	1.
-0.7998063100180888	-0.000016199717749687056	4.008625402659564e-9	1.
-0.7947491547083577	-0.00001646315785112577	4.1333051455548184e-9	1.
-0.7896919993986267	-0.0000167306602744454	4.261664876405803e-9	1.
-0.7846348440888957	-0.000017002281321177112	4.3938046626460895e-9	1.
-0.7795776887791641	-0.0000172780778996193	4.529826936757496e-9	1.
-0.7745205334694331	-0.00001755810752682168	4.669836538418985e-9	1.
-0.769463378159702	-0.000017842428330449156	4.813940756080789e-9	1.
-0.764406222849971	-0.00001813109905051988	4.962249368869019e-9	1.
-0.7593490675402399	-0.00001842417904102936	5.114874689133377e-9	1.
-0.7542919122305084	-0.0000187217282714381	5.2719316043166335e-9	1.
-0.7492347569207772	-0.000019023807328028144	5.433537619845417e-9	1.
-0.7441776016110462	-0.000019330477415135812	5.599812900990377e-9	1.
-0.7391204463013152	-0.00001964180035623792	5.770880315519017e-9	1.
-0.7340632909915842	-0.00001995783859490333	5.9468654766431e-9	1.
-0.7290061356818526	-0.00002027865519559992	6.1278967847522685e-9	1.
-0.7239489803721216	-0.000020604313844360956	6.314105470174369e-9	1.
-0.7188918250623905	-0.000020934878849298654	6.505625635281473e-9	1.
-0.7138346697526594	-0.00002127041514096603	6.7025942973670984e-9	1.
-0.7087775144429284	-0.00002161098827257168	6.905151429726729e-9	1.
-0.7037203591331967	-0.000021956664420031872	7.1134400039224344e-9	1.
-0.6986632038234658	-0.000022307510381866885	7.327606031737848e-9	1.
-0.6936060485137348	-0.000022663593578935664	7.547798606499715e-9	1.
-0.6885488932040036	-0.0000230249820540016	7.77416994340498e-9	1.
-0.6834917378942728	-0.000023391744471142892	8.006875421491526e-9	1.
-0.6784345825845415	-0.000023763950114984504	8.246073623395044e-9	1.
-0.67337742727481	-0.000024141668889754852	8.49192637573883e-9	1.
-0.668320271965079	-0.000024524971318186904	8.744598788030046e-9	1.
-0.6632631166553479	-0.000024913928540225344	9.004259292837798e-9	1.
-0.6582059613456167	-0.00002530861231156454	9.271079683814969e-9	1.
-0.6531488060358859	-0.000025709095002008038	9.545235153467732e-9	1.
-0.6480916507261543	-0.00002611544959363987	9.826904331782632e-9	1.
-0.6430344954164232	-0.00002652774967881982	1.0116269321820579e-8	1.
-0.6379773401066922	-0.000026946069457993755	1.0413515736763633e-8	1.
-0.6329201847969611	-0.000027370483737305967	1.0718832734666093e-8	1.
-0.6278630294872299	-0.000027801067926041392	1.1032413053760243e-8	1.
-0.6228058741774984	-0.000028237898033864808	1.1354453046341994e-8	1.
-0.6177487188677674	-0.000028681050667874266	1.1685152711626317e-8	1.
-0.6126915635580364	-0.00002913060302946609	1.2024715727492708e-8	1.
-0.6076344082483053	-0.0000295866329109991	1.2373349483193389e-8	1.
-0.6025772529385742	-0.000030049218692275673	1.2731265108111212e-8	1.
-0.5975200976288432	-0.00003051843933682099	1.3098677501634832e-8	1.
-0.5924629423191117	-0.0000309943743879756	1.3475805362235304e-8	1.
-0.5874057870093806	-0.000031477103964777986	1.3862871211914878e-8	1.
-0.5823486316996496	-0.000031966708757678834	1.426010142645087e-8	1.
-0.5772914763899185	-0.00003246327002402863	1.4667726257071358e-8	1.
-0.5722343210801875	-0.000032966869583388155	1.5085979853846087e-8	1.
-0.5671771657704558	-0.0000334775898126569	1.5515100292716146e-8	1.
-0.5621200104607248	-0.00003399551364096624	1.5955329590054998e-8	1.
-0.5570628551509939	-0.000034520724544419004	1.640691372191111e-8	1.
-0.5520056998412627	-0.0000350533065406258	1.6870102655859177e-8	1.
-0.5469485445315317	-0.000035593344183035476	1.7345150350258936e-8	1.
-0.5418913892218001	-0.000036140922555085497	1.7832314782316002e-8	1.
-0.5368342339120691	-0.00003669612726414764	1.833185795137525e-8	1.
-0.531777078602338	-0.00003725904443532791	1.8844045905904203e-8	1.
-0.5267199232926071	-0.00003782976070502064	1.9369148741103057e-8	1.
-0.521662767982876	-0.000038408363214318826	1.9907440615345027e-8	1.
-0.5166056126731444	-0.000038994939602226204	2.045919975698609e-8	1.
-0.5115484573634133	-0.00003958957799868944	2.1024708469067958e-8	1.
-0.5064913020536822	-0.000040192367017459566	2.1604253135988318e-8	1.
-0.5014341467439511	-0.00004080339574875855	2.219812422658195e-8	1.
-0.49637699143422015	-0.000041422753751792296	2.2806616293168688e-8	1.
-0.49131983612448915	-0.0000420505310470887	2.3430027972176755e-8	1.
-0.48626268081475754	-0.00004268681810865537	2.4068661984123512e-8	1.
-0.48120552550502654	-0.000043331705855989864	2.4722825126137317e-8	1.
-0.47614837019529543	-0.0000439852856459167	2.539282826937732e-8	1.
-0.4710912148855644	-0.00004464764926427573	2.6078986349675073e-8	1.
-0.46603405957583327	-0.00004531888891745068	2.678161836004169e-8	1.
-0.46097690426610183	-0.00004599909722375248	2.750104733757362e-8	1.
-0.45591974895637066	-0.000046688367204654566	2.8237600353050098e-8	1.
-0.4508625936466397	-0.00004738679227588961	2.8991608494600418e-8	1.
-0.4458054383369086	-0.000048094466238407085	2.9763406852274464e-8	1.
-0.4407482830271775	-0.000048811483269201516	3.0553334499784885e-8	1.
-0.43569112771744595	-0.00004953793791201148	3.136173447425598e-8	1.
-0.430633972407715	-0.000050273925067898366	3.218895375530879e-8	1.
-0.42557681709798395	-0.00005101953998570735	3.303534324054281e-8	1.
-0.42051966178825284	-0.00005177487825241699	3.390125772173153e-8	1.
-0.41546250647852173	-0.0000525400357833829	3.478705585671937e-8	1.
-0.4104053511687902	-0.00005331510881248078	3.5693100141382755e-8	1.
-0.4053481958590592	-0.00005410019388215536	3.6619756878877615e-8	1.
-0.40029104054932824	-0.000054895387833375883	3.75673961492971e-8	1.
-0.39523388523959707	-0.000055700787795521416	3.8536391772840594e-8	1.
-0.39017672992986613	-0.00005651649117617189	3.9527121277854067e-8	1.
-0.38511957462013496	-0.000057342595650842426	4.0539965862477094e-8	1.
-0.38006241931040335	-0.000058179199152647905	4.157531035686915e-8	1.
-0.3750052640006724	-0.00005902639986191141	4.2633543183142704e-8	1.
-0.36994810869094125	-0.00005988429619571929	4.371505631260554e-8	1.
-0.3648909533812102	-0.000060752986797438146	4.482024522755969e-8	1.
-0.3598337980714792	-0.00006163257052618719	4.5949508871307125e-8	1.
-0.35477664276174814	-0.00006252314644628415	4.710324960801009e-8	1.
-0.34971948745201714	-0.00006342481381666519	4.82818731735328e-8	1.
-0.34466233214228614	-0.00006433767208029038	4.9485788627686654e-8	1.
-0.33960517683255403	-0.00006526182085353954	5.0715408305312456e-8	1.
-0.3345480215228229	-0.00006619735991560415	5.1971147767187936e-8	1.
-0.3294908662130918	-0.00006714438919788471	5.3253425748215265e-8	1.
-0.3244337109033609	-0.00006810300877339805	5.4562664106811724e-8	1.
-0.3193765555936298	-0.0000690733188462098	5.5899287769773906e-8	1.
-0.31431940028389876	-0.00007005541974088316	5.726372468079157e-8	1.
-0.30926224497416765	-0.00007104941189197096	5.8656405744339175e-8	1.
-0.30420508966443666	-0.00007205539583354431	6.007776477125891e-8	1.
-0.2991479343547056	-0.00007307347218876736	6.152823842260023e-8	1.
-0.2940907790449745	-0.00007410374165954291	6.300826615739892e-8	1.
-0.2890336237352424	-0.0000751463050161719	6.45182901692871e-8	1.
-0.2839764684255115	-0.00007620126308716715	6.605875533134307e-8	1.
-0.27891931311578044	-0.00007726871674906347	6.763010914848869e-8	1.
-0.2738621578060493	-0.00007834876691633906	6.923280168285136e-8	1.
-0.2688050024963183	-0.00007944151453146327	7.086728550797553e-8	1.
-0.2637478471865872	-0.00008054706055497839	7.253401565591241e-8	1.
-0.2586906918768561	-0.00008166550595573508	7.42334495414227e-8	1.
-0.25363353656712506	-0.00008279695170123377	7.596604692282153e-8	1.
-0.248576381257394	-0.00008394149874804636	7.77322698388296e-8	1.
-0.24351922594766304	-0.0000850992480324223	7.953258254528313e-8	1.
-0.2384620706379319	-0.00008627030046098096	8.136745147026673e-8	1.
-0.23340491532819987	-0.00008745475690155184	8.32373451499823e-8	1.
-0.2283477600184688	-0.00008865271817417892	8.514273417462845e-8	1.
-0.2232906047087377	-0.00008986428504225104	8.708409113979125e-8	1.
-0.21823344939900677	-0.00009108955820380116	8.906189058447364e-8	1.
-0.21317629408927571	-0.00009232863828297132	9.107660894294622e-8	1.
-0.20811913877954466	-0.00009358162582163312	9.312872449367012e-8	1.
-0.20306198346981363	-0.00009484862127119907	9.521871730532328e-8	1.
-0.19800482816008258	-0.0000961297249845986	9.734706918860416e-8	1.
-0.19294767285035141	-0.0000974250372084502	9.951426364737871e-8	1.
-0.18789051754062036	-0.00009873465807541462	1.0172078583311448e-7	1.
-0.1828333622308883	-0.00010005868759674652	1.0396712249570603e-7	1.
-0.17777620692115723	-0.00010139722565505839	1.0625376194121541e-7	1.
-0.17271905161142628	-0.00010275037199725917	1.0858119399112169e-7	1.
-0.16766189630169515	-0.00010411822622772851	1.1094990993299186e-7	1.
-0.16260474099196418	-0.00010550088780170893	1.1336040249288149e-7	1.
-0.15754758568223312	-0.0001068984560188708	1.1581316579049965e-7	1.
-0.152490430372502	-0.00010831103001715617	1.1830869529370387e-7	1.
-0.14743327506277096	-0.00010973870876681722	1.2084748781153458e-7	1.
-0.14237611975303993	-0.00011118159106465866	1.2343004143435334e-7	1.
-0.13731896444330893	-0.00011263977552858432	1.2605685550930046e-7	1.
-0.13226180913357788	-0.00011411336059229235	1.2872843063568042e-7	1.
-0.12720465382384574	-0.0001156024445002506	1.31445268604329e-7	1.
-0.12214749851411469	-0.0001171071253029527	1.3420787239505208e-7	1.
-0.11709034320438366	-0.00011862750085230765	1.3701674616172765e-7	1.
-0.11203318789465258	-0.00012016366879737174	1.398723951818737e-7	1.
-0.10697603258492153	-0.00012171572658031978	1.4277532588070089e-7	1.
-0.10191887727519051	-0.000123283771432565	1.457260457978248e-7	1.
-0.09686172196545945	-0.0001248679003712677	1.4872506354379734e-7	1.
-0.09180456665572846	-0.00012646821019601464	1.5177288886693108e-7	1.
-0.08674741134599735	-0.00012808479748570778	1.548700325777972e-7	1.
-0.08169025603626626	-0.00012971775859585725	1.5801700655090666e-7	1.
-0.07663310072653422	-0.000131367189655954	1.61214323789196e-7	1.
-0.07157594541680322	-0.00013303318656717543	1.6446249833597296e-7	1.
-0.0665187901070721	-0.00013471584500043284	1.6776204533065487e-7	1.
-0.061461634797341125	-0.00013641526039446315	1.711134810257756e-7	1.
-0.056404479487609994	-0.00013813152795435384	1.745173227386738e-7	1.
-0.051347324177878975	-0.00013986474265032051	1.7797408893257825e-7	1.
-0.04629016886814792	-0.00014161499921654637	1.8148429920535926e-7	1.
-0.041233013558416846	-0.0001433823921505225	1.85048474240707e-7	1.
-0.03617585824868583	-0.00014516701571251227	1.886671359710069e-7	1.
-0.031118702938954763	-0.0001469689639251798	1.9234080747735617e-7	1.
-0.02606154762922376	-0.00014878833057372162	1.960700130194503e-7	1.
-0.021004392319491666	-0.00015062520920597773	1.9985527818933427e-7	1.
-0.01594723700976058	-0.00015247969313289246	2.0369712978132364e-7	1.
-0.010890081700029579	-0.0001543518754293723	2.0759609591442345e-7	1.
-0.005832926390298485	-0.00015624184893506097	2.1155270608773827e-7	1.
-0.0007757710805674788	-0.0001581497062556171	2.1556749113571635e-7	1.
0.0042813842291635216	-0.0001600755397642414	2.1964098336103926e-7	1.
0.009338539538894703	-0.00016201944160314672	2.2377371655777462e-7	1.
0.014395694848625707	-0.00016398150368562067	2.2796622594525495e-7	1.
0.019452850158356814	-0.00016596181769815225	2.3221904843914686e-7	1.
0.024510005468087827	-0.00016796047510263997	2.3653272252630582e-7	1.
0.029567160777818898	-0.00016997756713919246	2.4090778830858816e-7	1.
0.034624316087550996	-0.00017201318482878693	2.4534478776828027e-7	1.
0.03968147139728202	-0.00017406741897626503	2.498442645792784e-7	1.
0.04473862670701309	-0.0001761403601737703	2.54406764292939e-7	1.
0.049795782016744075	-0.00017823209880395364	2.590328344520388e-7	1.
0.05485293732647514	-0.0001803427250437309	2.6372302451995074e-7	1.
0.05991009263620629	-0.0001824723288682674	2.6847788608067665e-7	1.
0.06496724794593718	-0.00018462100005477698	2.7329797289451385e-7	1.
0.07002440325566824	-0.00018678882818697447	2.781838408038299e-7	1.
0.0750815585653993	-0.00018897590265953186	2.8313604811503506e-7	1.
0.08013871387513043	-0.00019118231268250833	2.8815515544760583e-7	1.
0.08519586918486252	-0.0001934081472864454	2.9324172579078875e-7	1.
0.09025302449459352	-0.00019565349532716145	2.983963248295594e-7	1.
0.09531017980432453	-0.00019791844549101807	3.036195207965971e-7	1.