-4.966028803429637e+00 0.000000000000000e+00 0.000000000000000e+00 1.000000000000000e+00
-4.955279823335637e+00 0.000000000000000e+00 0.000000000000000e+00 1.000000000000000e+00
-4.944530843241633e+00 0.000000000000000e+00 0.000000000000000e+00 1.000000000000000e+00
-4.933781863147626e+00 0.000000000000000e+00 0.000000000000000e+00 1.000000000000000e+00
-4.923032883053626e+00 0.000000000000000e+00 0.000000000000000e+00 1.000000000000000e+00
-4.912283902959622e+00 0.000000000000000e+00 0.000000000000000e+00 1.000000000000000e+00
-4.901534922865615e+00 0.000000000000000e+00 0.000000000000000e+00 1.000000000000000e+00
-4.890785942771615e+00 0.000000000000000e+00 0.000000000000000e+00 1.000000000000000e+00
-4.880036962677611e+00 0.000000000000000e+00 0.000000000000000e+00 1.000000000000000e+00
-4.869287982583611e+00 0.000000000000000e+00 0.000000000000000e+00 1.000000000000000e+00
-4.858539002489604e+00 0.000000000000000e+00 0.000000000000000e+00 1.000000000000000e+00
-4.847790022395600e+00 0.000000000000000e+00 0.000000000000000e+00 1.000000000000000e+00
-4.837041042301600e+00 0.000000000000000e+00 0.000000000000000e+00 1.000000000000000e+00
-4.826292062207592e+00 0.000000000000000e+00 0.000000000000000e+00 1.000000000000000e+00
-4.815543082113589e+00 0.000000000000000e+00 0.000000000000000e+00 1.000000000000000e+00
-4.804794102019589e+00 0.000000000000000e+00 0.000000000000000e+00 1.000000000000000e+00
-4.794045121925581e+00 0.000000000000000e+00 0.000000000000000e+00 1.000000000000000e+00
-4.783296141831578e+00 0.000000000000000e+00 0.000000000000000e+00 1.000000000000000e+00
-4.772547161737577e+00 0.000000000000000e+00 0.000000000000000e+00 1.000000000000000e+00
-4.761798181643570e+00 0.000000000000000e+00 0.000000000000000e+00 1.000000000000000e+00
-4.751049201549566e+00 0.000000000000000e+00 0.000000000000000e+00 1.000000000000000e+00
-4.740300221455566e+00 0.000000000000000e+00 0.000000000000000e+00 1.000000000000000e+00
-4.729551241361563e+00 0.000000000000000e+00 0.000000000000000e+00 1.000000000000000e+00
-4.718802261267555e+00 0.000000000000000e+00 0.000000000000000e+00 1.000000000000000e+00
-4.708053281173555e+00 0.000000000000000e+00 2.020877887387877e-05 9.941372350078671e-02
-4.697304301079551e+00 0.000000000000000e+00 2.095382901497979e-05 9.940700637800712e-02
-4.686555320985544e+00 0.000000000000000e+00 2.172626312799204e-05 9.940035656962910e-02
-4.675806340891544e+00 0.000000000000000e+00 2.252708545875515e-05 9.939377341572815e-02
-4.665057360797540e+00 0.000000000000000e+00 2.335733702286545e-05 9.938725626230578e-02
-4.654308380703533e+00 0.000000000000000e+00 2.421809695075200e-05 9.938080450631347e-02
-4.643559400609533e+00 0.000000000000000e+00 2.511048388184825e-05 9.937441756845306e-02
-4.632810420515529e+00 0.000000000000000e+00 2.603565740941806e-05 9.936809479695559e-02
-4.622061440421522e+00 0.000000000000000e+00 2.699481957763477e-05 9.936183556468529e-02
-4.611312460327522e+00 0.000000000000000e+00 2.798921643472733e-05 9.935563929861253e-02
-4.600563480233518e+00 0.000000000000000e+00 2.902013964202804e-05 9.934950543033254e-02
-4.589814500139518e+00 0.000000000000000e+00 3.008892814199407e-05 9.934343331826531e-02
-4.579065520045511e+00 0.000000000000000e+00 3.119696988621881e-05 9.933742236001165e-02
-4.568316539951507e+00 0.000000000000000e+00 3.234570362871994e-05 9.933147201470650e-02
-4.557567559857507e+00 0.000000000000000e+00 3.353662078304745e-05 9.932558171517207e-02
-4.546818579763499e+00 0.000000000000000e+00 3.477126734779771e-05 9.931975083951253e-02
-4.536069599669496e+00 0.000000000000000e+00 3.605124590150823e-05 9.931397881028815e-02
-4.525320619575496e+00 0.000000000000000e+00 3.737821767278490e-05 9.930826511737421e-02
-4.514571639481488e+00 0.000000000000000e+00 3.875390468400427e-05 9.930260918100152e-02
-4.503822659387485e+00 0.000000000000000e+00 4.018009197361026e-05 9.929701041081178e-02
-4.493073679293484e+00 0.000000000000000e+00 4.165862989987824e-05 9.929146826372168e-02
-4.482324699199481e+00 0.000000000000000e+00 4.319143652975889e-05 9.928598223732324e-02
-4.471575719105473e+00 0.000000000000000e+00 4.478050011379698e-05 9.928055175481605e-02
-4.460826739011473e+00 0.000000000000000e+00 4.642788165095992e-05 9.927517625270212e-02
-4.450077758917470e+00 0.000000000000000e+00 4.813571754886034e-05 9.926985521948349e-02
-4.439328778823462e+00 0.000000000000000e+00 4.990622238050392e-05 9.926458816014792e-02
-4.428579798729462e+00 0.000000000000000e+00 5.174169174150813e-05 9.925937450459828e-02
-4.417830818635458e+00 0.000000000000000e+00 5.364450521037046e-05 9.925421371427565e-02
-4.407081838541451e+00 0.000000000000000e+00 5.561712942002109e-05 9.924910530534264e-02
-4.396332858447451e+00 0.000000000000000e+00 5.766212123930304e-05 9.924404879084728e-02
-4.385583878353447e+00 0.000000000000000e+00 5.978213107142938e-05 9.923904361036011e-02
-4.374834898259444e+00 0.000000000000000e+00 6.197990627073964e-05 9.923408924568586e-02
-4.364085918165440e+00 0.000000000000000e+00 6.425829468896178e-05 9.922918525004583e-02
-4.353336938071436e+00 0.000000000000000e+00 6.662024834712728e-05 9.922433112045670e-02
-4.342587957977436e+00 0.000000000000000e+00 6.906882724252300e-05 9.921952632392324e-02
-4.331838977883429e+00 0.000000000000000e+00 7.160720329400738e-05 9.921477037264813e-02
-4.321089997789425e+00 0.000000000000000e+00 7.423866443447908e-05 9.921006283276525e-02
-4.310341017695425e+00 0.000000000000000e+00 7.696661884979241e-05 9.920540319551220e-02
-4.299592037601418e+00 0.000000000000000e+00 7.979459937225105e-05 9.920079095494672e-02
-4.288843057507417e+00 0.000000000000000e+00 8.272626803645641e-05 9.919622565473958e-02
-4.278094077413414e+00 0.000000000000000e+00 8.576542080172786e-05 9.919170686577049e-02
-4.267345097319406e+00 0.000000000000000e+00 8.891599244570653e-05 9.918723408147836e-02
-4.256596117225406e+00 0.000000000000000e+00 9.218206163489950e-05 9.918280681994439e-02
-4.245847137131403e+00 0.000000000000000e+00 9.556785618509805e-05 9.917842465268610e-02
-4.235098157037395e+00 0.000000000000000e+00 9.907775851094803e-05 9.917408715518540e-02
-4.224349176943395e+00 0.000000000000000e+00 1.027163112751802e-04 9.916979382716477e-02
-4.213600196849391e+00 0.000000000000000e+00 1.064882232407936e-04 9.916554420676102e-02
-4.202851216755388e+00 0.000000000000000e+00 1.103983753444133e-04 9.916133789624362e-02
-4.192102236661384e+00 0.000000000000000e+00 1.144518269854975e-04 9.915717446300848e-02
-4.181353256567380e+00 0.000000000000000e+00 1.186538225468887e-04 9.915305342387594e-02
-4.170604276473380e+00 0.000000000000000e+00 1.230097981507961e-04 9.914897434019733e-02
-4.159855296379373e+00 0.000000000000000e+00 1.275253886687906e-04 9.914493683764834e-02
-4.149106316285369e+00 0.000000000000000e+00 1.322064349811760e-04 9.914094046596714e-02
-4.138357336191369e+00 0.000000000000000e+00 1.370589915019086e-04 9.913698476968438e-02
-4.127608356097362e+00 0.000000000000000e+00 1.420893339802321e-04 9.913306934104260e-02
-4.116859376003358e+00 0.000000000000000e+00 1.473039675890899e-04 9.912919380699868e-02
-4.106110395909358e+00 0.000000000000000e+00 1.527096353056150e-04 9.912535771551891e-02
-4.095361415815351e+00 0.000000000000000e+00 1.583133265952077e-04 9.912156063352970e-02
-4.084612435721347e+00 0.000000000000000e+00 1.641222864196989e-04 9.911780217994592e-02
-4.073863455627347e+00 0.000000000000000e+00 1.701440245707214e-04 9.911408198329079e-02
-4.063114475533343e+00 0.000000000000000e+00 1.763863253440373e-04 9.911039959347359e-02
-4.052365495439336e+00 0.000000000000000e+00 1.828572575617700e-04 9.910675459681340e-02
-4.041616515345336e+00 0.000000000000000e+00 1.895651849727619e-04 9.910314663781088e-02
-4.030867535251332e+00 0.000000000000000e+00 1.965187770231865e-04 9.909957534055910e-02
-4.020118555157325e+00 0.000000000000000e+00 2.037270200234940e-04 9.909604026478523e-02
-4.009369575063324e+00 0.000000000000000e+00 2.111992287166150e-04 9.909254101317100e-02
-3.998620594969321e+00 0.000000000000000e+00 2.189450582834805e-04 9.908907725993263e-02
-3.987871614875313e+00 0.000000000000000e+00 2.269745167739387e-04 9.908564860228898e-02
-3.977122634781313e+00 0.000000000000000e+00 2.352979779932314e-04 9.908225462630652e-02
-3.966373654687310e+00 0.000000000000000e+00 2.439261948607825e-04 9.907889496413090e-02
-3.955624674593309e+00 0.000000000000000e+00 2.528703132618389e-04 9.907556928772686e-02
-3.944875694499302e+00 0.000000000000000e+00 2.621418863979068e-04 9.907227718815416e-02
-3.934126714405298e+00 0.000000000000000e+00 2.717528896575827e-04 9.906901827163246e-02
-3.923377734311298e+00 0.000000000000000e+00 2.817157360413205e-04 9.906579219521872e-02
-3.912628754217291e+00 0.000000000000000e+00 2.920432921442070e-04 9.906259862857050e-02
-3.901879774123287e+00 0.000000000000000e+00 3.027488947215201e-04 9.905943716060155e-02
-3.891130794029287e+00 0.000000000000000e+00 3.138463678504344e-04 9.905630741471319e-02
-3.880381813935280e+00 0.000000000000000e+00 3.253500407383824e-04 9.905320906904018e-02
-3.869632833841276e+00 0.000000000000000e+00 3.372747661659852e-04 9.905014178873606e-02
-3.858883853747276e+00 0.000000000000000e+00 3.496359396086997e-04 9.904710516609881e-02
-3.848134873653269e+00 0.000000000000000e+00 3.624495190437094e-04 9.904409883583518e-02
-3.837385893559265e+00 0.000000000000000e+00 3.757320455076461e-04 9.904112250725300e-02
-3.826636913465265e+00 0.000000000000000e+00 3.895006643811166e-04 9.903817581087264e-02
-3.815887933371261e+00 0.000000000000000e+00 4.037731474539462e-04 9.903525836343563e-02
-3.805138953277254e+00 0.000000000000000e+00 4.185679157976514e-04 9.903236982578351e-02
-3.794389973183254e+00 0.000000000000000e+00 4.339040634831871e-04 9.902950990070405e-02
-3.783640993089250e+00 0.000000000000000e+00 4.498013821515501e-04 9.902667820829111e-02
-3.772892012995243e+00 0.000000000000000e+00 4.662803864756220e-04 9.902387438128084e-02
-3.762143032901243e+00 0.000000000000000e+00 4.833623405695327e-04 9.902109810235421e-02
-3.751394052807239e+00 0.000000000000000e+00 5.010692853542573e-04 9.901834906743227e-02
-3.740645072713232e+00 0.000000000000000e+00 5.194240669200520e-04 9.901562688952151e-02
-3.729896092619231e+00 0.000000000000000e+00 5.384503659094740e-04 9.901293121488851e-02
-3.719147112525228e+00 0.000000000000000e+00 5.581727280072769e-04 9.901026174302481e-02
-3.708398132431221e+00 0.000000000000000e+00 5.786165955166645e-04 9.900761816103759e-02
-3.697649152337220e+00 0.000000000000000e+00 5.998083400972012e-04 9.900500008012957e-02
-3.686900172243217e+00 0.000000000000000e+00 6.217752966751473e-04 9.900240715291148e-02
-3.676151192149216e+00 0.000000000000000e+00 6.445457986397912e-04 9.899983910666250e-02
-3.665402212055209e+00 0.000000000000000e+00 6.681492142831296e-04 9.899729558701441e-02
-3.654653231961206e+00 0.000000000000000e+00 6.926159845757567e-04 9.899477622514580e-02
-3.643904251867205e+00 0.000000000000000e+00 7.179776623248672e-04 9.899228069540136e-02
-3.633155271773198e+00 0.000000000000000e+00 7.442669527786876e-04 9.898980871246585e-02
-3.622406291679194e+00 0.000000000000000e+00 7.715177556902960e-04 9.898735990588944e-02
-3.611657311585194e+00 0.000000000000000e+00 7.997652089069744e-04 9.898493391784811e-02
-3.600908331491187e+00 0.000000000000000e+00 8.290457335817628e-04 9.898253043864973e-02
-3.590159351397183e+00 0.000000000000000e+00 8.593970810203264e-04 9.898014916996502e-02
-3.579410371303183e+00 0.000000000000000e+00 8.908583812349230e-04 9.897778972855623e-02
-3.568661391209176e+00 0.000000000000000e+00 9.234701932439466e-04 9.897545176307443e-02
-3.557912411115172e+00 0.000000000000000e+00 9.572745572668445e-04 9.897313497616327e-02
-3.547163431021172e+00 0.000000000000000e+00 9.923150487773334e-04 9.897083905075896e-02
-3.536414450927168e+00 0.000000000000000e+00 1.028636834543479e-03 9.896856359693713e-02
-3.525665470833161e+00 0.000000000000000e+00 1.066286730677527e-03 9.896630826454887e-02
-3.514916490739161e+00 0.000000000000000e+00 1.105313262882153e-03 9.896407277386560e-02
-3.504167510645157e+00 0.000000000000000e+00 1.145766728827093e-03 9.896185676076807e-02
-3.493418530551150e+00 0.000000000000000e+00 1.187699262809827e-03 9.895965984715593e-02
-3.482669550457150e+00 0.000000000000000e+00 1.231164902785039e-03 9.895748169696525e-02
-3.471920570363146e+00 0.000000000000000e+00 1.276219659864613e-03 9.895532200998390e-02
-3.461171590269139e+00 0.000000000000000e+00 1.322921590317434e-03 9.895318039727984e-02
-3.450422610175139e+00 0.000000000000000e+00 1.371330870176652e-03 9.895105648355715e-02
-3.439673630081135e+00 0.000000000000000e+00 1.421509872627600e-03 9.894894994010363e-02
-3.428924649987135e+00 0.000000000000000e+00 1.473523248187454e-03 9.894686044398238e-02
-3.418175669893127e+00 0.000000000000000e+00 1.527438007809065e-03 9.894478758501948e-02
-3.407426689799124e+00 0.000000000000000e+00 1.583323608968750e-03 9.894273098424851e-02
-3.396677709705124e+00 0.000000000000000e+00 1.641252045001297e-03 9.894069031786439e-02
-3.385928729611116e+00 0.000000000000000e+00 1.701297937608564e-03 9.893866522821951e-02
-3.375179749517113e+00 0.000000000000000e+00 1.763538632765270e-03 9.893665529215326e-02
-3.364430769423112e+00 0.000000000000000e+00 1.828054300074850e-03 9.893466012365870e-02
-3.353681789329105e+00 0.000000000000000e+00 1.894928035867022e-03 9.893267939950473e-02
-3.342932809235105e+00 0.000000000000000e+00 1.964245969948819e-03 9.893071270678887e-02
-3.332183829141101e+00 0.000000000000000e+00 2.036097376255101e-03 9.892875962158536e-02
-3.321434849047094e+00 0.000000000000000e+00 2.110574787564302e-03 9.892681975981063e-02
-3.310685868953094e+00 0.000000000000000e+00 2.187774114421801e-03 9.892489276431995e-02
-3.299936888859090e+00 0.000000000000000e+00 2.267794768351069e-03 9.892297818574781e-02
-3.289187908765086e+00 0.000000000000000e+00 2.350739789515186e-03 9.892107558888076e-02
-3.278438928671083e+00 0.000000000000000e+00 2.436715979146529e-03 9.891918458249564e-02
-3.267689948577079e+00 0.000000000000000e+00 2.525834036735146e-03 9.891730477264475e-02
-3.256940968483075e+00 0.000000000000000e+00 2.618208702226858e-03 9.891543567419549e-02
-3.246191988389072e+00 0.000000000000000e+00 2.713958903317344e-03 9.891357683166277e-02
-3.235443008295068e+00 0.000000000000000e+00 2.813207908310020e-03 9.891172784732739e-02
-3.224694028201068e+00 0.000000000000000e+00 2.916083484386814e-03 9.890988826646506e-02
-3.213945048107060e+00 0.000000000000000e+00 3.022718061681638e-03 9.890805758056080e-02
-3.203196068013057e+00 0.000000000000000e+00 3.133248903285482e-03 9.890623531475382e-02
-3.192447087919057e+00 0.000000000000000e+00 3.247818281604790e-03 9.890442104314337e-02
-3.181698107825049e+00 0.000000000000000e+00 3.366573660993262e-03 9.890261424360849e-02
-3.170949127731046e+00 0.000000000000000e+00 3.489667887027567e-03 9.890081438614649e-02
-3.160200147637045e+00 0.000000000000000e+00 3.617259382766697e-03 9.889902097661551e-02
-3.149451167543042e+00 0.000000000000000e+00 3.749512352160040e-03 9.889723353471963e-02
-3.138702187449034e+00 0.000000000000000e+00 3.886596990810082e-03 9.889545148132128e-02
-3.127953207355034e+00 0.000000000000000e+00 4.028689704321751e-03 9.889367425289319e-02
-3.117204227261031e+00 0.000000000000000e+00 4.175973334832257e-03 9.889190132454011e-02
-3.106455247167023e+00 0.000000000000000e+00 4.328637395628366e-03 9.889013215470621e-02
-3.095706267073023e+00 0.000000000000000e+00 4.486878314352180e-03 9.888836610660991e-02
-3.084957286979019e+00 0.000000000000000e+00 4.650899684896289e-03 9.888660256843257e-02
-3.074208306885012e+00 0.000000000000000e+00 4.820912528827473e-03 9.888484098784900e-02
-3.063459326791012e+00 0.000000000000000e+00 4.997135566028912e-03 9.888308072382300e-02
-3.052710346697008e+00 0.000000000000000e+00 5.179795495239749e-03 9.888132109575708e-02
-3.041961366603001e+00 0.000000000000000e+00 5.369127284803326e-03 9.887956145009799e-02
-3.031212386509001e+00 0.000000000000000e+00 5.565374474163191e-03 9.887780116248096e-02
-3.020463406414997e+00 0.000000000000000e+00 5.768789486137828e-03 9.887603950196588e-02
-3.009714426320997e+00 0.000000000000000e+00 5.979633950490388e-03 9.887427573231443e-02
-2.998965446226990e+00 0.000000000000000e+00 6.198179039501387e-03 9.887250914648851e-02
-2.988216466132986e+00 0.000000000000000e+00 6.424705815643914e-03 9.887073903065997e-02
-2.977467486038986e+00 0.000000000000000e+00 6.659505591878856e-03 9.886896456354156e-02
-2.966718505944979e+00 0.000000000000000e+00 6.902880304854759e-03 9.886718493638513e-02
-2.955969525850975e+00 0.000000000000000e+00 7.155142902134832e-03 9.886539937721210e-02
-2.945220545756975e+00 0.000000000000000e+00 7.416617743143413e-03 9.886360705986288e-02
-2.934471565662967e+00 0.000000000000000e+00 7.687641014774846e-03 9.886180707309679e-02
-2.923722585568964e+00 0.000000000000000e+00 7.968561161912545e-03 9.885999852244158e-02
-2.912973605474964e+00 0.000000000000000e+00 8.259739334093581e-03 9.885818055448214e-02
-2.902224625380960e+00 0.000000000000000e+00 8.561549847947889e-03 9.885635219939669e-02
-2.891475645286953e+00 0.000000000000000e+00 8.874380666444122e-03 9.885451245845706e-02
-2.880726665192952e+00 0.000000000000000e+00 9.198633895717522e-03 9.885266034822250e-02
-2.869977685098949e+00 0.000000000000000e+00 9.534726299991997e-03 9.885079488505227e-02
-2.859228705004941e+00 0.000000000000000e+00 9.883089835021890e-03 9.884891496392681e-02
-2.848479724910941e+00 0.000000000000000e+00 1.024417220067876e-02 9.884701947346704e-02
-2.837730744816938e+00 0.000000000000000e+00 1.061843741415733e-02 9.884510731914692e-02
-2.826981764722930e+00 0.000000000000000e+00 1.100636640358582e-02 9.884317736918692e-02
-2.816232784628930e+00 0.000000000000000e+00 1.140845762326859e-02 9.884122837158664e-02
-2.805483804534926e+00 0.000000000000000e+00 1.182522769082197e-02 9.883925907632353e-02
-2.794734824440919e+00 0.000000000000000e+00 1.225721204832562e-02 9.883726826909305e-02
-2.783985844346919e+00 0.000000000000000e+00 1.270496564667009e-02 9.883525461574412e-02
-2.773236864252915e+00 0.000000000000000e+00 1.316906365481091e-02 9.883321672153780e-02
-2.762487884158915e+00 0.000000000000000e+00 1.365010219476349e-02 9.883115319102666e-02
-2.751738904064908e+00 0.000000000000000e+00 1.414869910357590e-02 9.882906262701928e-02
-2.740989923970904e+00 0.000000000000000e+00 1.466549472244111e-02 9.882694349150786e-02
-2.730240943876904e+00 0.000000000000000e+00 1.520115271416515e-02 9.882479421834205e-02
-2.719491963782897e+00 0.000000000000000e+00 1.575636091090576e-02 9.882261323899742e-02
-2.708742983688893e+00 0.000000000000000e+00 1.633183219217403e-02 9.882039893863394e-02
-2.697994003594893e+00 0.000000000000000e+00 1.692830539461712e-02 9.881814956148478e-02
-2.687245023500886e+00 0.000000000000000e+00 1.754654625413143e-02 9.881586333233480e-02
-2.676496043406882e+00 0.000000000000000e+00 1.818734838328769e-02 9.881353848684726e-02
-2.665747063312882e+00 0.000000000000000e+00 1.885153428303237e-02 9.881117313563548e-02
-2.654998083218874e+00 0.000000000000000e+00 1.953995639106692e-02 9.880876529528304e-02
-2.644249103124871e+00 0.000000000000000e+00 2.025349816799822e-02 9.880631295891257e-02
-2.633500123030871e+00 0.000000000000000e+00 2.099307522339695e-02 9.880381410284117e-02
-2.622751142936867e+00 0.000000000000000e+00 2.175963648168897e-02 9.880126653736528e-02
-2.612002162842860e+00 0.000000000000000e+00 2.255416538981538e-02 9.879866801804163e-02
-2.601253182748859e+00 0.000000000000000e+00 2.337768116935552e-02 9.879601627198444e-02
-2.590504202654856e+00 0.000000000000000e+00 2.423124011324901e-02 9.879330895690625e-02
-2.579755222560848e+00 0.000000000000000e+00 2.511593692916834e-02 9.879054356281060e-02
-2.569006242466848e+00 0.000000000000000e+00 2.603290613044109e-02 9.878771752978451e-02
-2.558257262372845e+00 0.000000000000000e+00 2.698332347881218e-02 9.878482828203984e-02
-2.547508282278837e+00 0.000000000000000e+00 2.796840747760658e-02 9.878187308631847e-02
-2.536759302184837e+00 0.000000000000000e+00 2.898942091863136e-02 9.877884908642341e-02
-2.526010322090833e+00 0.000000000000000e+00 3.004767248466281e-02 9.877575337265064e-02
-2.515261341996826e+00 0.000000000000000e+00 3.114451841032726e-02 9.877258298188990e-02
-2.504512361902826e+00 0.000000000000000e+00 3.228136420146636e-02 9.876933474852843e-02
-2.493763381808822e+00 0.000000000000000e+00 3.345966641565540e-02 9.876600542222271e-02
-2.483014401714822e+00 0.000000000000000e+00 3.468093450802717e-02 9.876259168636398e-02
-2.472265421620815e+00 0.000000000000000e+00 3.594673274217649e-02 9.875909011347886e-02
-2.461516441526811e+00 0.000000000000000e+00 3.725868216951356e-02 9.875549706709573e-02
-2.450767461432811e+00 0.000000000000000e+00 3.861846267802951e-02 9.875180882465340e-02
-2.440018481338804e+00 0.000000000000000e+00 4.002781511715621e-02 9.874802161327637e-02
-2.429269501244800e+00 0.000000000000000e+00 4.148854349593122e-02 9.874413143000660e-02
-2.418520521150800e+00 0.000000000000000e+00 4.300251725961763e-02 9.874013413228311e-02
-2.407771541056793e+00 0.000000000000000e+00 4.457167364818779e-02 9.873602547574227e-02
-2.397022560962789e+00 0.000000000000000e+00 4.619802013898531e-02 9.873180109710980e-02
-2.386273580868789e+00 0.000000000000000e+00 4.788363697532968e-02 9.872745638256177e-02
-2.375524600774785e+00 0.000000000000000e+00 4.963067978379684e-02 9.872298659033518e-02
-2.364775620680781e+00 0.000000000000000e+00 5.144138228732072e-02 9.871838687371352e-02
-2.354026640586778e+00 0.000000000000000e+00 5.331805911212918e-02 9.871365216737150e-02
-2.343277660492774e+00 0.000000000000000e+00 5.526310869414849e-02 9.870877718472647e-02
-2.332528680398770e+00 0.000000000000000e+00 5.727901628776716e-02 9.870375649471787e-02
-2.321779700304766e+00 0.000000000000000e+00 5.936835708311178e-02 9.869858453182552e-02
-2.311030720210763e+00 0.000000000000000e+00 6.153379943089084e-02 9.869325542580522e-02
-2.300281740116759e+00 0.000000000000000e+00 6.377810817994790e-02 9.868776312902837e-02
-2.289532760022755e+00 0.000000000000000e+00 6.610414813535993e-02 9.868210143314328e-02
-2.278783779928755e+00 0.000000000000000e+00 6.851488763583112e-02 9.867626388920500e-02
-2.268034799834748e+00 0.000000000000000e+00 7.101340225654650e-02 9.867024375805045e-02
-2.257285819740744e+00 0.000000000000000e+00 7.360287864041931e-02 9.866403409927665e-02
-2.246536839646744e+00 0.000000000000000e+00 7.628661846716510e-02 9.865762779796362e-02
-2.235787859552740e+00 0.000000000000000e+00 7.906804255746354e-02 9.865101737583741e-02
-2.225038879458733e+00 0.000000000000000e+00 8.195069511901783e-02 9.864419511357994e-02
-2.214289899364733e+00 0.000000000000000e+00 8.493824814419870e-02 9.863715307637282e-02
-2.203540919270729e+00 0.000000000000000e+00 8.803450595803630e-02 9.862988302489707e-02
-2.192791939176722e+00 0.000000000000000e+00 9.124340992322666e-02 9.862237636787510e-02
-2.182042959082722e+00 0.000000000000000e+00 9.456904330691931e-02 9.861462425317639e-02
-2.171293978988718e+00 0.000000000000000e+00 9.801563631979365e-02 9.860661757332322e-02
-2.160544998894711e+00 0.000000000000000e+00 1.015875713243466e-01 9.859834679563614e-02
-2.149796018800711e+00 0.000000000000000e+00 1.052893882211223e-01 9.858980207281959e-02
-2.139047038706707e+00 0.000000000000000e+00 1.091257900241135e-01 9.858097327400754e-02
-2.128298058612700e+00 0.000000000000000e+00 1.131016486241263e-01 9.857184986035226e-02
-2.117549078518699e+00 0.000000000000000e+00 1.172220107467500e-01 9.856242088485409e-02
-2.106800098424696e+00 0.000000000000000e+00 1.214921041147821e-01 9.855267506263100e-02
-2.096051118330696e+00 0.000000000000000e+00 1.259173438217008e-01 9.854260074559898e-02
-2.085302138236688e+00 0.000000000000000e+00 1.305033389173669e-01 9.853218577350265e-02
-2.074553158142685e+00 0.000000000000000e+00 1.352558992133498e-01 9.852141759851428e-02
-2.063804178048684e+00 0.000000000000000e+00 1.401810423251112e-01 9.851028329699610e-02
-2.053055197954677e+00 0.000000000000000e+00 1.452850009432486e-01 9.849876939775644e-02
-2.042306217860673e+00 0.000000000000000e+00 1.505742303467886e-01 9.848686196389526e-02
-2.031557237766673e+00 0.000000000000000e+00 1.560554161710599e-01 9.847454663011226e-02
-2.020808257672666e+00 0.000000000000000e+00 1.617354824316195e-01 9.846180848398231e-02
-2.010059277578662e+00 0.000000000000000e+00 1.676215998086235e-01 9.844863205305752e-02
-1.999310297484662e+00 0.000000000000000e+00 1.737211942077668e-01 9.843500137838244e-02
-1.988561317390655e+00 0.000000000000000e+00 1.800419556027949e-01 9.842089994594717e-02
-1.977812337296651e+00 0.000000000000000e+00 1.865918471616044e-01 9.840631059517008e-02
-1.967063357202651e+00 0.000000000000000e+00 1.933791146683221e-01 9.839121560659392e-02
-1.956314377108647e+00 0.000000000000000e+00 2.004122962564711e-01 9.837559668148527e-02
-1.945565397014640e+00 0.000000000000000e+00 2.077002324476481e-01 9.835943479976558e-02
-1.934816416920640e+00 0.000000000000000e+00 2.152520765098101e-01 9.834271030401955e-02
-1.924067436826636e+00 0.000000000000000e+00 2.230773051529024e-01 9.832540290889438e-02
-1.913318456732629e+00 0.000000000000000e+00 2.311857295563494e-01 9.830749153942842e-02
-1.902569476638629e+00 0.000000000000000e+00 2.395875067387203e-01 9.828895441588313e-02
-1.891820496544625e+00 0.000000000000000e+00 2.482931512939101e-01 9.826976905299876e-02
-1.881071516450618e+00 0.000000000000000e+00 2.573135474812816e-01 9.824991211018004e-02
-1.870322536356618e+00 0.000000000000000e+00 2.666599616874322e-01 9.822935947039813e-02
-1.859573556262614e+00 0.000000000000000e+00 2.763440552771052e-01 9.820808621119870e-02
-1.848824576168614e+00 0.000000000000000e+00 2.863778978257587e-01 9.818606650229240e-02
-1.838075596074606e+00 0.000000000000000e+00 2.967739807504485e-01 9.816327364796881e-02
-1.827326615980603e+00 0.000000000000000e+00 3.075452313528295e-01 9.813968004645623e-02
-1.816577635886603e+00 0.000000000000000e+00 3.187050272709909e-01 9.811525712693005e-02
-1.805828655792595e+00 0.000000000000000e+00 3.302672113554930e-01 9.808997535458845e-02
-1.795079675698592e+00 0.000000000000000e+00 3.422461069791391e-01 9.806380417926951e-02
-1.784330695604591e+00 0.000000000000000e+00 3.546565337816066e-01 9.803671202726062e-02
-1.773581715510584e+00 0.000000000000000e+00 3.675138238648721e-01 9.800866622736955e-02
-1.762832735416580e+00 0.000000000000000e+00 3.808338384355379e-01 9.797963301789606e-02
-1.752083755322580e+00 0.000000000000000e+00 3.946329849175720e-01 9.794957752112919e-02
-1.741334775228573e+00 0.000000000000000e+00 4.089282345219782e-01 9.791846359937643e-02
-1.730585795134569e+00 0.000000000000000e+00 4.237371402905323e-01 9.788625401037970e-02
-1.719836815040569e+00 0.000000000000000e+00 4.390778556354995e-01 9.785291021227621e-02
-1.709087834946565e+00 0.000000000000000e+00 4.549691533291883e-01 9.781839231315960e-02
-1.698338854852558e+00 0.000000000000000e+00 4.714304450140728e-01 9.778265926142990e-02
-1.687589874758558e+00 0.000000000000000e+00 4.884818011946347e-01 9.774566842866747e-02
-1.676840894664554e+00 0.000000000000000e+00 5.061439716946405e-01 9.770737597973822e-02
-1.666091914570547e+00 0.000000000000000e+00 5.244384066831382e-01 9.766773654622810e-02
-1.655342934476547e+00 0.000000000000000e+00 5.433872780914037e-01 9.762670318604835e-02
-1.644593954382543e+00 0.000000000000000e+00 5.630135016323559e-01 9.758422767531806e-02
-1.633844974288536e+00 0.000000000000000e+00 5.833407592477132e-01 9.754025984401636e-02
-1.623095994194536e+00 0.000000000000000e+00 6.043935220384015e-01 9.749474828951793e-02
-1.612347014100532e+00 0.000000000000000e+00 6.261970737930297e-01 9.744763973775515e-02
-1.601598034006525e+00 0.000000000000000e+00 6.487775348066809e-01 9.739887915294210e-02
-1.590849053912525e+00 0.000000000000000e+00 6.721618863856003e-01 9.734841005778461e-02
-1.580100073818521e+00 0.000000000000000e+00 6.963779956573948e-01 9.729617364280610e-02
-1.569351093724521e+00 0.000000000000000e+00 7.214546408696360e-01 9.724210984941634e-02
-1.558602113630513e+00 0.000000000000000e+00 7.474215372762872e-01 9.718615634273184e-02
-1.547853133536510e+00 0.000000000000000e+00 7.743093631392466e-01 9.712824887687063e-02
-1.537104153442510e+00 0.000000000000000e+00 8.021497865067672e-01 9.706832151636767e-02
-1.526355173348502e+00 0.000000000000000e+00 8.309754920557282e-01 9.700630570564539e-02
-1.515606193254499e+00 0.000000000000000e+00 8.608202084577391e-01 9.694213152426874e-02
-1.504857213160498e+00 0.000000000000000e+00 8.917187361614214e-01 9.687572632544821e-02
-1.494108233066491e+00 0.000000000000000e+00 9.237069751396716e-01 9.680701556695270e-02
-1.483359252972487e+00 0.000000000000000e+00 9.568219534069816e-01 9.673592252922511e-02
-1.472610272878487e+00 0.000000000000000e+00 9.911018552419774e-01 9.666236798392662e-02
-1.461861292784480e+00 0.000000000000000e+00 1.026586050039442e+00 9.658627067268385e-02
-1.451112312690476e+00 0.000000000000000e+00 1.063315120971507e+00 9.650754656938436e-02
-1.440363332596476e+00 0.000000000000000e+00 1.101330893894302e+00 9.642610940121056e-02
-1.429614352502472e+00 0.000000000000000e+00 1.140676466289501e+00 9.634187058926402e-02
-1.418865372408469e+00 0.000000000000000e+00 1.181396236220833e+00 9.625473902477424e-02
-1.408116392314465e+00 0.000000000000000e+00 1.223535931055657e+00 9.616462085113806e-02
-1.397367412220461e+00 0.000000000000000e+00 1.267142636088141e+00 9.607141978274841e-02
-1.386618432126458e+00 0.000000000000000e+00 1.312264822975619e+00 9.597503691966550e-02
-1.375869452032454e+00 0.000000000000000e+00 1.358952377737982e+00 9.587537057044274e-02
-1.365120471938450e+00 0.000000000000000e+00 1.407256628342846e+00 9.577231628029419e-02
-1.354371491844446e+00 0.000000000000000e+00 1.457230371800177e+00 9.566576711684871e-02
-1.343622511750443e+00 0.000000000000000e+00 1.508927900729672e+00 9.555561329019564e-02
-1.332873531656443e+00 0.000000000000000e+00 1.562405028897234e+00 9.544174198765196e-02
-1.322124551562439e+00 0.000000000000000e+00 1.617719116081299e+00 9.532403785021561e-02
-1.311375571468432e+00 0.000000000000000e+00 1.674929091968890e+00 9.520238266176513e-02
-1.300626591374431e+00 0.000000000000000e+00 1.734095478748346e+00 9.507665522685439e-02
-1.289877611280428e+00 0.000000000000000e+00 1.795280412434328e+00 9.494673141735208e-02
-1.279128631186421e+00 0.000000000000000e+00 1.858547662768906e+00 9.481248452836759e-02
-1.268379651092420e+00 0.000000000000000e+00 1.923962651656530e+00 9.467378486409522e-02
-1.257630670998417e+00 0.000000000000000e+00 1.991592469355391e+00 9.453049960520778e-02
-1.246881690904409e+00 0.000000000000000e+00 2.061505888999472e+00 9.438249342084311e-02
-1.236132710810409e+00 0.000000000000000e+00 2.133773378946907e+00 9.422962808564142e-02
-1.225383730716405e+00 0.000000000000000e+00 2.208467112456283e+00 9.407176242177671e-02
-1.214634750622398e+00 0.000000000000000e+00 2.285660974813863e+00 9.390875244263115e-02
-1.203885770528398e+00 0.000000000000000e+00 2.365430567611575e+00 9.374045170637772e-02
-1.193136790434394e+00 0.000000000000000e+00 2.447853210083792e+00 9.356671092774263e-02
-1.182387810340394e+00 0.000000000000000e+00 2.533007936534276e+00 9.338737810178319e-02
-1.171638830246387e+00 0.000000000000000e+00 2.620975490605199e+00 9.320229878029739e-02
-1.160889850152383e+00 0.000000000000000e+00 2.711838315255717e+00 9.301131591840128e-02
-1.150140870058383e+00 0.000000000000000e+00 2.805680538714896e+00 9.281427020766171e-02
-1.139391889964376e+00 0.000000000000000e+00 2.902587955853492e+00 9.261100006756759e-02
-1.128642909870372e+00 0.000000000000000e+00 3.002648004680897e+00 9.240134173842218e-02
-1.117893929776372e+00 0.000000000000000e+00 3.105949737616631e+00 9.218512939115216e-02
-1.107144949682365e+00 0.000000000000000e+00 3.212583787269427e+00 9.196219530713606e-02
-1.096395969588361e+00 0.000000000000000e+00 3.322642326372796e+00 9.173237002011213e-02
-1.085646989494361e+00 0.000000000000000e+00 3.436219021514217e+00 9.149548253346398e-02
-1.074898009400354e+00 0.000000000000000e+00 3.553408980363466e+00 9.125136047401596e-02
-1.064149029306350e+00 0.000000000000000e+00 3.674308691887807e+00 9.099983026487285e-02
-1.053400049212350e+00 0.000000000000000e+00 3.799015959342425e+00 9.074071738821232e-02
-1.042651069118346e+00 0.000000000000000e+00 3.927629825611417e+00 9.047384660684449e-02
-1.031902089024339e+00 0.000000000000000e+00 4.060250490541820e+00 9.019904222473508e-02
-1.021153108930339e+00 0.000000000000000e+00 4.196979219908315e+00 8.991612835313635e-02
-1.010404128836335e+00 0.000000000000000e+00 4.337918245645840e+00 8.962492921384285e-02
-9.996551487423276e-01 0.000000000000000e+00 4.483170657027398e+00 8.932526943706720e-02
-9.889061686483274e-01 0.000000000000000e+00 4.632840282374453e+00 8.901697438697863e-02
-9.781571885543237e-01 0.000000000000000e+00 4.787031561061155e+00 8.869987052747332e-02
-9.674082084603165e-01 0.000000000000000e+00 4.945849405450228e+00 8.837378578238815e-02
-9.566592283663162e-01 0.000000000000000e+00 5.109399052475858e+00 8.803854992104357e-02
-9.459102482723125e-01 0.000000000000000e+00 5.277785904606426e+00 8.769399498123391e-02
-9.351612681783052e-01 0.000000000000000e+00 5.451115359956645e+00 8.733995566713657e-02
-9.244122880843051e-01 0.000000000000000e+00 5.629492631276245e+00 8.697626981168789e-02
-9.136633079903014e-01 0.000000000000000e+00 5.813022553758120e+00 8.660277886213891e-02
-9.029143278963012e-01 0.000000000000000e+00 6.001809381435028e+00 8.621932833696655e-02
-8.921653478022940e-01 0.000000000000000e+00 6.195956572102485e+00 8.582576833818857e-02
-8.814163677082902e-01 0.000000000000000e+00 6.395566560733357e+00 8.542195405863880e-02
-8.706673876142900e-01 0.000000000000000e+00 6.600740521399451e+00 8.500774635630319e-02
-8.599184075202828e-01 0.000000000000000e+00 6.811578117820096e+00 8.458301222569048e-02
-8.491694274262791e-01 0.000000000000000e+00 7.028177242447765e+00 8.414762540654981e-02
-8.384204473322789e-01 0.000000000000000e+00 7.250633744762535e+00 8.370146700962691e-02
-8.276714672382717e-01 0.000000000000000e+00 7.479041148626107e+00 8.324442600061616e-02
-8.169224871442680e-01 0.000000000000000e+00 7.713490359212479e+00 8.277639988381121e-02
-8.061735070502678e-01 0.000000000000000e+00 7.954069360165391e+00 8.229729525641433e-02
-7.954245269562642e-01 0.000000000000000e+00 8.200862901111140e+00 8.180702844320346e-02
-7.846755468622568e-01 0.000000000000000e+00 8.453952176593534e+00 8.130552600302889e-02
-7.739265667682567e-01 0.000000000000000e+00 8.713414496518620e+00 8.079272540301138e-02
-7.631775866742530e-01 0.000000000000000e+00 8.979322950056746e+00 8.026857575082887e-02
-7.524286065802457e-01 0.000000000000000e+00 9.251746063001885e+00 7.973303822800562e-02
-7.416796264862455e-01 0.000000000000000e+00 9.530747449693850e+00 7.918608663489093e-02
-7.309306463922418e-01 0.000000000000000e+00 9.816385460861923e+00 7.862770814565306e-02
-7.201816662982345e-01 0.000000000000000e+00 1.010871282907347e+01 7.805790366996203e-02
-7.094326862042344e-01 0.000000000000000e+00 1.040777631177307e+01 7.747668849580042e-02
-6.986837061102307e-01 0.000000000000000e+00 1.071361633557903e+01 7.688409297580751e-02
-6.879347260162233e-01 0.000000000000000e+00 1.102626664143034e+01 7.628016275061943e-02
-6.771857459222231e-01 0.000000000000000e+00 1.134575393273484e+01 7.566495926497135e-02
-6.664367658282196e-01 0.000000000000000e+00 1.167209752871828e+01 7.503856033486087e-02
-6.556877857342194e-01 0.000000000000000e+00 1.200530902460511e+01 7.440106022566953e-02
-6.449388056402120e-01 0.000000000000000e+00 1.234539195943258e+01 7.375257033087100e-02
-6.341898255462084e-01 0.000000000000000e+00 1.269234149678185e+01 7.309321951786889e-02
-6.234408454522083e-01 0.000000000000000e+00 1.304614411614046e+01 7.242315401891414e-02
-6.126918653582010e-01 0.000000000000000e+00 1.340677731960667e+01 7.174253797342106e-02
-6.019428852641974e-01 0.000000000000000e+00 1.377420935567935e+01 7.105155330240916e-02
-5.911939051701972e-01 0.000000000000000e+00 1.414839896075685e+01 7.035039993286632e-02
-5.804449250761898e-01 0.000000000000000e+00 1.452929512341200e+01 6.963929601353730e-02
-5.696959449821862e-01 0.000000000000000e+00 1.491683687095198e+01 6.891847763440029e-02
-5.589469648881861e-01 0.000000000000000e+00 1.531095308076979e+01 6.818819876937987e-02
-5.481979847941787e-01 0.000000000000000e+00 1.571156231913581e+01 6.744873123459121e-02
-5.374490047001749e-01 0.000000000000000e+00 1.611857270909989e+01 6.670036421974483e-02
-5.267000246061749e-01 0.000000000000000e+00 1.653188182808490e+01 6.594340424556065e-02
-5.159510445121710e-01 0.000000000000000e+00 1.695137664053585e+01 6.517817482657437e-02
-5.052020644181638e-01 0.000000000000000e+00 1.737693346237321e+01 6.440501576264956e-02
-4.944530843241636e-01 0.000000000000000e+00 1.780841796168539e+01 6.362428287081634e-02
-4.837041042301599e-01 0.000000000000000e+00 1.824568519632671e+01 6.283634726283477e-02
-4.729551241361562e-01 0.000000000000000e+00 1.868857968844967e+01 6.204159478788001e-02
-4.622061440421525e-01 0.000000000000000e+00 1.913693553893220e+01 6.124042540686873e-02
-4.514571639481488e-01 0.000000000000000e+00 1.959057658027692e+01 6.043325229797464e-02
-4.407081838541451e-01 0.000000000000000e+00 2.004931656890277e+01 5.962050107540072e-02
-4.299592037601415e-01 0.000000000000000e+00 2.051295941734285e+01 5.880260892456331e-02
-4.192102236661376e-01 0.000000000000000e+00 2.098129946596026e+01 5.798002366505601e-02
-4.084612435721340e-01 0.000000000000000e+00 2.145412179370277e+01 5.715320279372534e-02
-3.977122634781303e-01 0.000000000000000e+00 2.193120256773760e+01 5.632261244284532e-02
-3.869632833841301e-01 0.000000000000000e+00 2.241230943004157e+01 5.548872631421460e-02
-3.762143032901265e-01 0.000000000000000e+00 2.289720192056295e+01 5.465202457647890e-02
-3.654653231961191e-01 0.000000000000000e+00 2.338563193507431e+01 5.381299279684842e-02
-3.547163431021189e-01 0.000000000000000e+00 2.387734421662769e+01 5.297212078801983e-02
-3.439673630081152e-01 0.000000000000000e+00 2.437207687758870e+01 5.212990136833832e-02
-3.332183829141079e-01 0.000000000000000e+00 2.486956195049710e+01 5.128682924720852e-02
-3.224694028201078e-01 0.000000000000000e+00 2.536952596574787e+01 5.044339988301948e-02
-3.117204227261041e-01 0.000000000000000e+00 2.587169055295327e+01 4.960010819639321e-02
-3.009714426320968e-01 0.000000000000000e+00 2.637577306302392e+01 4.875744763128356e-02
-2.902224625380967e-01 0.000000000000000e+00 2.688148721010495e+01 4.791590879123137e-02
-2.794734824440930e-01 0.000000000000000e+00 2.738854372500952e+01 4.707597823985295e-02
-2.687245023500928e-01 0.000000000000000e+00 2.789665102309656e+01 4.623813764761812e-02
-2.579755222560855e-01 0.000000000000000e+00 2.840551587981555e+01 4.540286248282260e-02
-2.472265421620819e-01 0.000000000000000e+00 2.891484411089187e+01 4.457062115523956e-02
-2.364775620680816e-01 0.000000000000000e+00 2.942434125604607e+01 4.374187393768306e-02
-2.257285819740745e-01 0.000000000000000e+00 2.993371325862697e+01 4.291707183865940e-02
-2.149796018800742e-01 0.000000000000000e+00 3.044266714099718e+01 4.209665585989036e-02
-2.042306217860669e-01 0.000000000000000e+00 3.095091167257256e+01 4.128105614829366e-02
-1.934816416920597e-01 0.000000000000000e+00 3.145815802589700e+01 4.047069102451398e-02
-1.827326615980596e-01 0.000000000000000e+00 3.196412041776659e+01 3.966596651749334e-02
-1.719836815040594e-01 0.000000000000000e+00 3.246851673591580e+01 3.886727539982186e-02
-1.612347014100522e-01 0.000000000000000e+00 3.297106913980755e+01 3.807499648516850e-02
-1.504857213160520e-01 0.000000000000000e+00 3.347150464348292e+01 3.728949437766483e-02
-1.397367412220447e-01 0.000000000000000e+00 3.396955567177906e+01 3.651111869378305e-02
-1.289877611280446e-01 0.000000000000000e+00 3.446496058876542e+01 3.574020379919799e-02
-1.182387810340373e-01 0.000000000000000e+00 3.495746419880609e+01 3.497706834841233e-02
-1.074898009400371e-01 0.000000000000000e+00 3.544681821390779e+01 3.422201485890218e-02
-9.674082084603691e-02 0.000000000000000e+00 3.593278168955968e+01 3.347532952566569e-02
-8.599184075202969e-02 0.000000000000000e+00 3.641512142770532e+01 3.273728233879773e-02
-7.524286065802241e-02 0.000000000000000e+00 3.689361234436939e+01 3.200812568958052e-02
-6.449388056402226e-02 0.000000000000000e+00 3.736803780143401e+01 3.128809871097550e-02
-5.374490047001501e-02 0.000000000000000e+00 3.783818990460124e+01 3.057741145436967e-02
-4.299592037601484e-02 0.000000000000000e+00 3.830386976086108e+01 2.987630254310784e-02
-3.224694028201465e-02 0.000000000000000e+00 3.876488770336562e+01 2.918482690140626e-02
-2.149796018800746e-02 0.000000000000000e+00 3.922106347896754e+01 2.850363951534583e-02
-1.074898009400017e-02 0.000000000000000e+00 3.967222639985070e+01 2.783110467585892e-02
0.000000000000000e+00 0.000000000000000e+00 4.011821546204591e+01 2.717396292616331e-02